101 74 1 0 100 74 103 78
125 74 1 0 120 74 120 74
91 76 1 0 81 69 81 68
115 76 1 0 112 74 112 74
123 68 1 0 119 68 119 68
79 66 1 0 93 69 89 75
140 90 1 0 101 74 101 74
96 74 1 0 95 74 95 74
122 74 1 0 108 74 108 74
150 96 1 0 134 82 165 74
147 74 1 0 126 74 126 74
106 74 1 0 105 74 105 74
91 74 1 0 89 74 89 74
109 75 1 0 82 74 82 74
104 74 1 0 104 77 103 74
153 83 1 0 149 80 166 81
403 105 1 0 134 86 136 78
104 74 1 0 113 68 113 68
82 66 1 0 79 70 90 81
103 68 1 0 113 75 113 75
134 77 1 0 144 70 134 85
102 75 1 0 102 75 102 75
124 77 1 0 163 77 226 100
114 68 1 0 109 77 111 69
156 68 1 0 134 74 134 74
141 78 1 0 125 74 125 74
87 75 1 0 79 72 79 72
166 79 1 0 127 68 127 68
100 75 1 0 99 74 122 84
131 76 1 0 133 68 133 68
94 68 1 0 95 70 104 81
88 77 1 0 73 66 73 66
124 74 1 0 120 74 120 74
106 82 1 0 113 72 105 75
187 93 1 0 187 90 180 74
123 74 1 0 123 74 123 74
389 112 1 0 162 78 285 92
126 76 1 0 124 78 124 78
128 84 1 0 125 84 166 77
77 68 1 0 81 68 81 68
71 69 1 0 71 69 71 69
103 68 1 0 101 69 101 69
151 80 1 0 115 74 115 74
120 78 1 0 121 74 121 74
105 85 1 0 73 68 73 68
105 76 1 0 116 76 140 75
158 74 1 0 158 74 169 82
123 74 1 0 110 74 110 74
109 74 1 0 109 75 100 74
158 82 1 0 135 85 132 74
133 76 1 0 123 75 126 68
113 75 1 0 113 74 129 81
125 72 1 0 111 72 111 72
130 68 1 0 113 68 113 68
106 75 1 0 98 74 98 74
109 70 1 0 102 78 98 74
128 76 1 0 102 77 102 77
143 69 1 0 166 75 166 75
121 83 1 0 81 69 118 92
97 68 1 0 85 68 85 68
84 72 1 0 84 74 144 83
104 75 1 0 96 75 96 75
225 94 1 0 125 74 125 74
125 78 1 0 140 83 129 74
75 68 1 0 75 66 86 73
113 74 1 0 136 83 106 74
126 72 1 0 126 72 126 72
100 77 1 0 92 69 85 75
154 77 1 0 131 77 150 85
116 69 1 0 100 74 100 74
118 84 1 0 132 83 130 77
133 68 1 0 131 68 131 74
119 82 1 0 112 74 112 74
85 66 1 0 86 66 86 66
111 68 1 0 110 68 110 74
137 72 1 0 138 77 92 74
176 72 1 0 76 69 76 69
147 72 1 0 148 72 148 72
145 74 1 0 108 69 145 85
132 76 1 0 129 68 129 68
100 76 1 0 99 76 141 87
130 83 1 0 129 83 252 75
162 78 1 0 139 74 139 74
95 69 1 0 92 76 86 74
178 74 1 0 141 74 141 74
99 75 1 0 106 77 116 75
93 68 1 0 92 68 92 68
102 68 1 0 102 68 102 68
85 69 1 0 85 69 92 81
136 78 1 0 112 78 112 78
120 77 1 0 115 83 119 75
85 69 1 0 82 69 82 69
73 68 1 0 73 68 73 68
95 69 1 0 91 71 88 75
160 82 1 0 125 74 125 74
116 68 1 0 116 70 124 81
88 69 1 0 85 70 85 70
118 74 1 0 117 74 117 74
84 74 1 0 76 68 76 68
158 78 1 0 187 89 234 74
121 77 1 0 108 71 137 72
137 74 1 0 126 74 126 74
126 74 1 0 133 74 133 74
99 76 1 0 89 74 101 81
111 74 1 0 109 74 109 74
118 71 1 0 118 69 153 75
151 77 1 0 147 74 147 74
125 77 1 0 161 76 173 81
89 75 1 0 99 74 97 72
160 74 1 0 152 74 152 74
81 74 1 0 81 76 81 74
82 69 1 0 80 71 93 80
149 74 1 0 155 74 155 74
126 68 1 0 138 68 138 68
144 68 1 0 146 74 146 74
173 85 1 0 156 76 162 98
201 85 1 0 133 75 135 81
122 74 1 0 92 74 91 77
98 68 1 0 101 68 101 68
122 86 1 0 166 76 126 74
118 75 1 0 114 75 114 75
274 93 1 0 149 79 172 68
81 68 1 0 79 68 92 81
71 69 1 0 67 66 67 66
101 71 1 0 87 71 88 69
107 74 1 0 107 74 107 74
138 89 1 0 153 68 154 74
102 77 1 0 92 75 92 75
121 68 1 0 122 70 112 74
162 82 1 0 159 82 193 85
110 75 1 0 110 77 127 81
95 74 1 0 95 76 90 77
164 76 1 0 148 83 148 75
130 77 1 0 132 79 172 75
88 74 1 0 87 74 87 74
171 74 1 0 145 76 170 74
94 68 1 0 93 68 93 68
73 68 1 0 75 69 75 69
177 86 1 0 123 81 123 81
107 74 1 0 105 74 105 74
129 68 1 0 134 74 134 74
168 82 1 0 168 76 176 68
125 69 1 0 125 71 186 89
126 75 1 0 131 68 131 68
154 74 1 0 125 74 125 74
92 74 1 0 90 74 90 74
113 68 1 0 113 68 113 68
123 76 1 0 106 74 106 74
98 74 1 0 94 74 94 74
85 71 1 0 75 68 75 68
110 74 1 0 109 74 109 74
118 74 1 0 117 74 117 74
122 76 1 0 117 82 117 82
96 76 1 0 90 74 147 81
112 75 1 0 110 75 110 75
91 75 1 0 87 75 87 75
93 76 1 0 86 68 86 68
162 75 1 0 162 75 154 84
141 74 1 0 114 82 117 68
131 83 1 0 146 82 152 74
84 68 1 0 85 66 85 66
81 68 1 0 81 71 81 72
74 69 1 0 72 66 72 66
123 74 1 0 125 68 125 68
178 76 1 0 162 74 162 74
103 74 1 0 98 74 98 74
92 77 1 0 91 77 91 68
193 73 1 0 148 86 195 75
104 82 1 0 119 74 119 74
73 66 1 0 70 68 80 73
553 129 1 0 125 74 125 74
135 74 1 0 148 74 148 74
145 75 1 0 118 69 118 69
175 81 1 0 123 82 174 81
85 74 1 0 88 74 108 87
91 76 1 0 88 75 99 79
71 66 1 0 74 68 67 66
73 71 1 0 67 66 67 66
83 66 1 0 83 66 83 66
97 74 1 0 94 74 94 74
89 66 1 0 85 69 85 69
117 82 1 0 220 111 244 68
80 74 1 0 79 72 79 72
133 82 1 0 138 75 138 75
82 69 1 0 77 72 77 72
81 68 1 0 81 68 81 68
87 74 1 0 86 74 86 74
71 69 1 0 71 69 71 69
121 75 1 0 93 74 93 74
91 68 1 0 100 74 100 74
107 74 1 0 106 74 106 74
134 74 1 0 133 74 133 74
181 82 1 0 181 82 205 74
86 74 1 0 108 77 126 75
145 66 1 0 144 68 144 68
117 69 1 0 99 69 113 68
74 66 1 0 74 66 74 72
152 83 1 0 113 74 113 74
93 71 1 0 92 75 92 75
94 75 1 0 95 69 91 75
141 74 1 0 150 74 150 74
140 82 1 0 188 82 243 90
93 74 1 0 91 74 91 74
107 76 1 0 119 75 107 74
138 68 1 0 117 68 106 74
163 77 1 0 161 74 180 85
81 72 1 0 81 72 81 72
118 66 1 0 107 74 107 74
128 76 1 0 117 76 164 91
137 84 1 0 106 82 155 74
99 74 1 0 80 68 83 74
373 91 1 0 72 69 72 69
88 75 1 0 87 74 87 74
117 69 1 0 114 77 106 75
119 74 1 0 118 75 153 81
115 74 1 0 105 74 105 74
108 74 1 0 107 74 107 74
120 68 1 0 121 68 121 68
130 81 1 0 136 68 136 68
388 105 1 0 217 81 187 74
80 69 1 0 78 68 78 68
89 75 1 0 91 72 91 72
134 68 1 0 134 68 136 74
117 68 1 0 105 74 105 74
108 72 1 0 98 72 98 72
72 68 1 0 77 68 77 68
171 82 1 0 158 82 159 74
148 82 1 0 127 68 127 68
81 69 1 0 78 68 78 68
134 74 1 0 132 74 132 74
132 69 1 0 132 68 132 68
119 68 1 0 119 68 119 68
537 77 1 0 165 68 165 68
103 69 1 0 83 68 83 68
96 70 1 0 95 68 95 68
91 69 1 0 91 69 84 74
91 75 1 0 80 68 80 68
127 74 1 0 124 74 124 74
101 75 1 0 97 74 97 74
82 72 1 0 81 72 81 72
122 68 1 0 103 68 103 68
105 76 1 0 194 91 221 72
124 79 1 0 124 79 118 81
164 74 1 0 162 81 157 82
103 74 1 0 93 75 97 83
104 69 1 0 130 74 146 78
154 68 1 0 129 77 129 77
147 68 1 0 122 74 122 74
134 74 1 0 146 78 146 78
122 71 1 0 122 68 122 68
178 82 1 0 182 81 160 68
91 74 1 0 91 74 91 74
144 74 1 0 166 81 144 78
105 74 1 0 97 71 105 75
102 74 1 0 140 68 140 68
87 66 1 0 69 69 69 69
163 77 1 0 144 68 144 68
176 85 1 0 185 79 186 78
131 68 1 0 131 68 131 68
102 75 1 0 104 72 104 72
138 84 1 0 237 111 240 75
84 68 1 0 85 68 85 68
157 82 1 0 156 82 157 74
177 70 1 0 147 68 147 68
85 77 1 0 84 69 78 66
150 82 1 0 150 82 178 74
102 74 1 0 100 74 100 74
167 74 1 0 190 82 182 68
102 75 1 0 95 75 94 74
84 74 1 0 105 77 96 84
147 87 1 0 147 74 147 74
575 102 1 0 83 66 83 66
122 68 1 0 111 74 111 74
72 68 1 0 74 68 74 68
308 85 1 0 80 72 80 72
76 69 1 0 72 68 72 68
93 69 1 0 95 75 106 75
174 97 1 0 172 97 283 87
100 76 1 0 96 74 96 74
104 68 1 0 103 68 103 74
155 68 1 0 112 87 115 68
118 75 1 0 110 75 110 75
143 82 1 0 142 82 141 74
133 74 1 0 133 74 133 74
88 72 1 0 79 69 75 66
121 74 1 0 158 82 153 74
102 75 1 0 134 70 125 75
132 68 1 0 131 68 127 81
127 74 1 0 96 82 114 74
74 66 1 0 73 69 73 69
148 74 1 0 147 74 147 74
81 69 1 0 81 66 81 66
81 66 1 0 66 66 66 66
133 74 1 0 117 74 117 74
113 74 1 0 116 83 112 74
110 74 1 0 108 76 111 77
126 77 1 0 126 77 125 84
114 68 1 0 132 78 113 69
91 75 1 0 91 75 98 81
138 68 1 0 137 68 137 68
133 74 1 0 134 76 149 68
114 71 1 0 108 75 108 75
175 74 1 0 174 74 174 74
138 74 1 0 149 84 154 74
119 72 1 0 117 75 126 72
229 71 1 0 93 74 93 74
151 74 1 0 149 74 149 74
98 76 1 0 100 69 96 75
166 76 1 0 162 86 167 72
228 80 1 0 224 82 128 74
116 75 1 0 115 76 196 78
109 68 1 0 109 68 109 68
76 68 1 0 69 68 69 68
159 76 1 0 157 75 157 75
76 69 1 0 69 68 69 68
126 69 1 0 126 68 126 68
134 74 1 0 133 74 133 74
94 69 1 0 83 74 83 74
178 74 1 0 162 74 162 74
80 68 1 0 84 68 84 68
144 74 1 0 116 74 472 93
116 74 1 0 102 75 111 78
102 75 1 0 99 76 99 76
151 72 1 0 125 66 125 66
151 83 1 0 158 83 157 74
134 85 1 0 134 74 134 74
79 68 1 0 71 66 71 66
112 68 1 0 108 68 108 68
151 75 1 0 106 68 106 68
133 90 1 0 116 88 165 78
162 86 1 0 133 77 187 81
194 85 1 0 133 74 133 78
134 69 1 0 133 74 133 74
102 75 1 0 92 75 92 75
213 100 1 0 126 78 126 78
86 69 1 0 86 69 84 75
110 74 1 0 109 74 109 74
143 76 1 0 134 74 134 74
138 74 1 0 140 74 140 74
154 74 1 0 111 74 111 74
80 66 1 0 78 66 93 78
73 69 1 0 73 69 73 66
198 87 1 0 276 142 174 74
155 78 1 0 146 83 149 89
117 74 1 0 123 74 123 74
158 68 1 0 160 68 160 68
86 69 1 0 83 69 83 69
136 74 1 0 124 74 243 90
79 69 1 0 76 68 76 74
160 68 1 0 160 68 160 68
136 74 1 0 124 74 124 74
139 68 1 0 123 78 131 78
87 68 1 0 87 72 87 72
100 73 1 0 92 68 92 68
123 74 1 0 159 85 134 81
147 74 1 0 139 74 139 74
105 74 1 0 105 76 95 75
130 74 1 0 129 74 129 74
77 72 1 0 78 75 78 75
94 68 1 0 92 68 92 68
128 75 1 0 126 80 134 76
126 74 1 0 135 74 135 74
75 66 1 0 81 68 81 68
135 74 1 0 108 72 108 72
137 74 1 0 129 74 129 74
117 83 1 0 139 83 203 81
148 76 1 0 153 82 127 81
100 74 1 0 102 74 102 74
83 68 1 0 85 74 85 74
91 74 1 0 91 74 91 74
99 74 1 0 99 74 99 74
138 68 1 0 123 68 123 68
174 76 1 0 139 76 152 85
95 68 1 0 91 68 91 68
134 82 1 0 112 74 112 74
114 75 1 0 112 75 112 75
146 74 1 0 176 76 197 68
138 82 1 0 119 74 119 74
225 87 1 0 171 82 123 79
75 68 1 0 81 68 81 68
111 69 1 0 117 77 117 75
72 66 1 0 72 66 72 66
100 69 1 0 104 68 104 68
112 74 1 0 112 74 112 74
131 82 1 0 132 83 196 89
79 70 1 0 79 70 79 72
224 74 1 0 135 80 184 81
142 74 1 0 141 74 141 74
105 68 1 0 118 70 137 81
103 68 1 0 102 68 182 81
122 74 1 0 121 74 121 74
148 76 1 0 128 68 128 68
168 74 1 0 162 70 164 74
81 68 1 0 86 69 86 68
129 72 1 0 127 72 127 72
102 68 1 0 130 82 137 74
93 72 1 0 84 75 101 84
337 102 1 0 128 80 222 75
135 83 1 0 127 78 223 84
209 83 1 0 158 71 170 68
131 72 1 0 126 72 126 72
248 120 1 0 147 71 147 71
119 68 1 0 121 74 121 74
106 75 1 0 136 83 135 86
126 69 1 0 121 69 121 69
120 68 1 0 108 68 187 79
98 74 1 0 120 74 120 74
112 78 1 0 102 80 105 79
85 71 1 0 86 75 87 84
182 74 1 0 221 84 160 93
144 76 1 0 127 75 127 75
101 74 1 0 100 74 100 74
210 87 1 0 125 74 157 87
110 74 1 0 156 71 111 74
381 85 1 0 146 72 146 72
89 77 1 0 89 77 83 74
162 74 1 0 111 76 132 69
98 68 1 0 111 66 111 66
127 74 1 0 126 74 126 74
101 69 1 0 117 72 117 72
124 74 1 0 116 77 122 74
145 74 1 0 130 78 130 78
91 75 1 0 79 74 116 90
114 87 1 0 173 103 119 72
131 76 1 0 128 74 128 74
85 75 1 0 85 75 85 75
116 74 1 0 131 73 175 78
140 74 1 0 117 74 117 74
164 78 1 0 164 78 164 78
97 75 1 0 97 75 97 75
409 95 1 0 117 68 117 68
121 76 1 0 108 74 108 74
111 68 1 0 111 68 111 68
145 74 1 0 143 76 145 74
150 82 1 0 166 87 120 68
102 74 1 0 109 76 101 74
159 90 1 0 119 74 119 74
129 68 1 0 125 68 125 68
73 66 1 0 78 68 78 68
127 83 1 0 113 77 130 77
93 78 1 0 89 78 89 78
77 69 1 0 90 74 75 66
143 98 1 0 253 100 212 74
120 74 1 0 108 75 108 75
92 75 1 0 83 74 83 74
100 68 1 0 100 68 100 68
151 77 1 0 126 71 151 75
143 68 1 0 122 74 122 74
99 74 1 0 117 69 117 69
92 75 1 0 94 77 140 96
87 74 1 0 78 72 78 72
111 77 1 0 117 79 158 83
86 74 1 0 83 74 83 74
88 69 1 0 80 70 80 70
111 74 1 0 114 75 113 74
147 84 1 0 125 70 145 74
211 99 1 0 120 75 120 75
93 75 1 0 89 75 117 77
115 78 1 0 115 74 115 74
81 66 1 0 78 68 78 68
120 68 1 0 121 69 144 77
108 80 1 0 111 78 170 85
227 90 1 0 137 74 137 74
117 74 1 0 117 79 117 79
125 82 1 0 108 68 108 68
106 69 1 0 99 68 103 74
142 68 1 0 132 74 132 74
189 77 1 0 144 76 177 68
97 74 1 0 115 76 156 74
160 87 1 0 138 78 142 91
89 74 1 0 89 74 89 74
154 97 1 0 131 68 131 68
114 74 1 0 101 74 101 74
106 75 1 0 102 74 102 74
216 96 1 0 147 68 147 68
120 74 1 0 119 74 119 74
131 74 1 0 124 74 124 74
102 69 1 0 102 69 108 74
130 74 1 0 130 74 130 74
169 85 1 0 168 86 269 83
69 68 1 0 69 69 82 78
143 72 1 0 162 77 186 89
134 76 1 0 98 74 98 74
139 87 1 0 136 76 137 74
112 74 1 0 107 74 107 74
96 66 1 0 81 68 81 68
135 77 1 0 105 76 138 85
193 70 1 0 83 74 83 74
82 69 1 0 87 68 87 68
111 74 1 0 202 83 110 74
72 69 1 0 76 70 76 66
127 68 1 0 108 74 124 81
128 82 1 0 119 74 119 74
72 66 1 0 72 68 72 68
107 74 1 0 96 74 96 74
82 66 1 0 86 66 86 66
161 82 1 0 162 78 162 74
139 68 1 0 132 74 132 74
75 68 1 0 75 71 92 87
122 72 1 0 87 72 87 72
128 76 1 0 140 74 140 74
130 74 1 0 129 74 129 74
112 74 1 0 112 76 112 78
136 68 1 0 99 74 99 74
170 74 1 0 161 68 161 68
84 68 1 0 93 68 93 68
116 75 1 0 132 82 114 75
127 74 1 0 116 74 116 74
99 77 1 0 93 74 100 81
85 72 1 0 85 72 85 72
95 70 1 0 94 69 94 69
107 75 1 0 105 75 140 74
135 74 1 0 128 85 136 91
129 68 1 0 128 68 128 68
94 74 1 0 103 75 110 81
111 72 1 0 107 72 107 72
105 74 1 0 105 74 105 74
99 74 1 0 95 75 95 75
144 68 1 0 138 68 138 68
108 74 1 0 107 74 107 74
75 69 1 0 75 69 72 71
78 72 1 0 78 75 78 75
528 87 1 0 100 72 100 72
130 74 1 0 131 74 131 74
119 74 1 0 93 69 108 68
148 74 1 0 126 78 159 84
147 74 1 0 146 74 146 74
138 74 1 0 121 68 121 68
102 74 1 0 102 76 105 78
111 77 1 0 110 77 124 84
156 74 1 0 136 74 136 74
132 78 1 0 163 82 199 68
99 74 1 0 94 74 94 74
110 74 1 0 107 77 107 77
121 74 1 0 110 74 110 74
97 74 1 0 95 74 95 74
124 74 1 0 117 74 117 74
123 76 1 0 114 74 114 74
139 80 1 0 135 83 135 80
84 68 1 0 84 68 84 68
103 75 1 0 112 68 112 68
128 72 1 0 112 72 112 72
150 71 1 0 149 71 156 89
104 76 1 0 72 68 72 68
148 74 1 0 352 113 173 74
143 74 1 0 139 74 139 74
127 76 1 0 135 76 169 68
144 86 1 0 138 83 130 68
76 66 1 0 80 69 69 66
126 68 1 0 144 68 144 68
71 68 1 0 71 70 71 70
97 72 1 0 109 79 135 83
273 74 1 0 175 83 178 74
108 68 1 0 108 70 109 75
147 74 1 0 160 68 164 74
164 76 1 0 162 76 182 68
106 72 1 0 81 74 81 74
76 74 1 0 81 75 88 84
88 74 1 0 85 74 85 74
110 68 1 0 151 75 110 68
96 74 1 0 91 74 91 74
163 68 1 0 157 77 166 75
88 72 1 0 88 72 88 72
176 81 1 0 150 68 150 68
131 90 1 0 104 74 104 74
94 69 1 0 78 68 78 68
80 71 1 0 76 68 76 68
108 69 1 0 86 68 86 68
73 69 1 0 72 69 90 75
81 73 1 0 72 68 72 68
86 68 1 0 89 72 89 72
133 75 1 0 103 68 103 68
382 111 1 0 157 74 157 74
160 78 1 0 135 75 124 85
82 69 1 0 81 69 81 69
128 74 1 0 125 74 125 74
176 84 1 0 150 76 157 81
146 74 1 0 183 94 138 74
135 72 1 0 135 71 139 78
79 77 1 0 71 69 71 69
96 69 1 0 93 69 93 69
167 74 1 0 128 78 166 74
134 68 1 0 137 70 130 74
126 69 1 0 96 69 96 69
143 78 1 0 142 78 289 91
105 68 1 0 115 70 103 68
79 68 1 0 77 75 94 77
102 74 1 0 86 70 81 68
106 68 1 0 104 68 104 68
157 85 1 0 113 68 113 68
370 101 1 0 101 68 101 68
134 74 1 0 171 84 133 74
102 66 1 0 93 74 93 74
126 68 1 0 105 78 110 85
158 83 1 0 110 78 110 78
132 74 1 0 139 75 116 85
96 72 1 0 99 74 78 72
118 68 1 0 115 74 115 74
72 69 1 0 69 68 69 68
207 79 1 0 170 74 170 74
124 83 1 0 106 75 103 72
138 70 1 0 137 70 147 71
71 69 1 0 68 68 68 68
92 68 1 0 92 68 95 74
179 74 1 0 134 68 134 68
81 66 1 0 88 69 88 75
121 68 1 0 122 68 122 68
127 69 1 0 115 68 115 68
115 74 1 0 108 74 108 74
109 68 1 0 103 70 127 81
114 74 1 0 114 76 126 83
193 86 1 0 148 82 179 81
133 74 1 0 133 77 133 77
111 74 1 0 109 75 110 81
155 85 1 0 158 82 150 77
121 83 1 0 87 74 87 74
141 83 1 0 143 74 160 81
73 70 1 0 73 70 84 77
128 74 1 0 127 74 127 74
120 74 1 0 118 74 118 74
77 68 1 0 78 66 78 66
119 75 1 0 119 75 119 75
102 74 1 0 107 74 107 74
107 74 1 0 105 74 105 74
95 66 1 0 95 66 95 66
107 69 1 0 106 69 133 78
166 68 1 0 150 74 150 74
92 74 1 0 101 74 101 74
126 68 1 0 122 68 122 68
123 76 1 0 115 75 116 68
134 68 1 0 154 74 158 81
88 74 1 0 88 74 88 74
77 68 1 0 77 68 77 68
70 66 1 0 70 68 70 68
73 66 1 0 74 68 74 68
70 68 1 0 70 68 70 68
165 84 1 0 160 78 160 78
82 68 1 0 82 70 81 75
159 76 1 0 123 68 148 84
108 74 1 0 79 69 98 81
97 68 1 0 87 68 87 68
140 76 1 0 127 74 127 74
119 74 1 0 119 74 119 74
104 76 1 0 101 74 101 74
96 72 1 0 87 72 87 72
216 87 1 0 196 87 138 74
86 76 1 0 86 74 86 74
133 75 1 0 109 76 123 75
96 75 1 0 93 75 93 75
85 74 1 0 85 74 85 74
104 75 1 0 104 75 104 75
91 72 1 0 83 66 83 66
123 74 1 0 113 77 132 77
141 83 1 0 134 83 146 74
137 68 1 0 146 77 150 68
158 82 1 0 149 74 149 74
521 135 1 0 108 68 108 68
122 71 1 0 104 69 118 86
133 89 1 0 136 74 136 74
75 71 1 0 75 71 88 78
105 75 1 0 104 75 104 75
145 71 1 0 173 74 173 74
159 69 1 0 134 74 134 74
85 68 1 0 99 68 90 74
318 96 1 0 141 82 138 84
180 69 1 0 179 69 166 75
99 74 1 0 99 76 99 72
205 86 1 0 132 74 132 74
113 68 1 0 108 74 108 74
112 77 1 0 112 77 118 69
122 74 1 0 120 74 120 74
91 77 1 0 86 75 91 77
142 76 1 0 142 76 174 68
80 68 1 0 98 71 79 74
169 83 1 0 169 87 198 81
80 72 1 0 74 72 74 72
122 78 1 0 162 74 162 74
106 74 1 0 137 68 137 68
134 87 1 0 104 78 105 74
115 74 1 0 96 74 96 74
91 79 1 0 101 72 91 81
87 75 1 0 75 68 75 68
126 74 1 0 192 82 168 68
112 74 1 0 112 74 112 74
122 74 1 0 195 122 186 95
104 75 1 0 103 75 103 75
169 81 1 0 135 74 135 74
103 69 1 0 103 71 103 71
124 74 1 0 124 74 124 74
201 91 1 0 198 91 149 74
155 74 1 0 154 74 154 74
117 68 1 0 138 75 138 75
79 72 1 0 125 66 125 66
74 66 1 0 74 68 74 68
115 72 1 0 113 77 138 79
126 83 1 0 124 83 156 81
120 68 1 0 117 75 113 74
127 75 1 0 95 74 95 74
76 68 1 0 78 69 94 72
137 74 1 0 130 74 130 74
91 68 1 0 90 68 112 81
125 68 1 0 96 69 134 75
111 75 1 0 121 75 136 81
84 74 1 0 99 66 99 66
103 68 1 0 114 74 114 74
114 74 1 0 104 74 104 74
92 74 1 0 95 75 92 74
80 66 1 0 79 66 82 72
113 69 1 0 108 68 108 68
139 77 1 0 139 69 142 72
97 75 1 0 86 74 86 74
130 68 1 0 124 79 128 74
184 81 1 0 136 74 184 75
148 77 1 0 149 81 129 79
123 74 1 0 125 75 125 75
95 68 1 0 95 68 95 68
112 90 1 0 170 90 170 92
556 139 1 0 81 68 81 74
130 68 1 0 131 68 131 68
79 68 1 0 80 69 79 68
128 74 1 0 127 74 127 74
98 74 1 0 100 74 100 74
79 66 1 0 82 70 81 75
133 69 1 0 124 68 124 68
190 84 1 0 126 82 122 75
97 75 1 0 99 76 94 75
119 74 1 0 117 77 118 75
80 68 1 0 82 70 76 69
144 84 1 0 142 68 142 74
179 74 1 0 169 82 200 68
120 75 1 0 120 74 120 74
120 84 1 0 111 78 125 68
122 75 1 0 122 75 122 75
116 74 1 0 114 68 137 78
301 110 1 0 183 83 126 78
101 68 1 0 88 68 88 68
77 70 1 0 71 68 100 84
78 70 1 0 78 68 78 68
107 68 1 0 110 75 110 75
94 68 1 0 86 68 86 68
77 72 1 0 77 72 77 72
111 75 1 0 106 75 106 75
90 72 1 0 96 74 96 74
123 74 1 0 127 76 126 74
130 74 1 0 126 74 126 74
91 75 1 0 92 75 92 75
327 99 1 0 102 75 102 75
113 74 1 0 112 75 112 75
120 74 1 0 107 75 107 75
91 69 1 0 90 69 111 81
133 84 1 0 131 76 165 74
111 68 1 0 134 68 134 68
119 70 1 0 122 74 122 74
110 75 1 0 113 81 110 75
140 74 1 0 115 76 151 83
136 78 1 0 127 74 124 89
125 84 1 0 128 82 130 74
93 70 1 0 93 68 93 74
100 68 1 0 100 68 100 74
75 66 1 0 73 68 73 68
116 69 1 0 110 75 110 75
112 74 1 0 109 74 109 74
93 74 1 0 125 81 86 72
85 69 1 0 85 69 89 72
110 74 1 0 102 77 115 84
140 68 1 0 145 68 145 68
111 68 1 0 111 70 105 68
219 93 1 0 134 82 155 74
134 82 1 0 124 82 197 75
148 78 1 0 115 78 168 81
132 84 1 0 102 78 130 74
83 68 1 0 79 69 73 66
88 66 1 0 85 68 85 68
97 74 1 0 97 74 97 74
100 69 1 0 107 68 107 74
132 88 1 0 138 76 157 68
145 82 1 0 139 82 141 74
369 71 1 0 74 66 74 66
124 75 1 0 125 75 106 74
150 68 1 0 150 68 195 88
132 74 1 0 130 74 130 74
181 81 1 0 167 85 150 81
121 68 1 0 114 68 209 79
113 66 1 0 81 66 124 83
137 78 1 0 119 78 119 78
133 77 1 0 132 77 130 78
125 68 1 0 112 74 112 74
137 74 1 0 104 70 135 74
101 72 1 0 99 72 151 92
173 80 1 0 151 68 151 68
121 74 1 0 120 74 120 74
117 77 1 0 87 74 87 74
97 75 1 0 97 74 97 74
129 74 1 0 133 70 124 74
137 74 1 0 129 77 135 74
129 74 1 0 131 76 146 74
122 75 1 0 127 71 127 71
82 68 1 0 96 70 97 77
127 68 1 0 126 68 126 68
125 69 1 0 109 75 109 75
96 77 1 0 109 77 115 83
98 74 1 0 90 74 90 74
150 74 1 0 150 78 150 81
123 83 1 0 106 75 106 75
77 66 1 0 77 66 77 66
114 74 1 0 120 68 120 68
129 68 1 0 124 71 162 74
89 68 1 0 85 66 85 66
90 74 1 0 124 78 98 76
182 81 1 0 145 74 145 74
139 74 1 0 144 74 144 74
109 68 1 0 113 68 113 68
116 72 1 0 108 74 108 74
202 76 1 0 202 76 134 78
80 68 1 0 102 75 102 75
122 82 1 0 121 82 142 91
92 74 1 0 89 69 109 72
143 82 1 0 125 68 125 68
109 72 1 0 109 72 109 72
162 74 1 0 161 74 161 74
131 74 1 0 140 74 140 74
215 85 1 0 217 78 217 78
69 66 1 0 77 66 77 66
90 68 1 0 79 66 79 66
80 68 1 0 79 69 92 75
113 74 1 0 101 78 107 74
147 82 1 0 138 74 138 74
75 69 1 0 70 68 77 75
112 82 1 0 119 82 162 75
89 68 1 0 107 69 107 69
194 89 1 0 198 89 296 88
112 74 1 0 113 83 111 74
176 77 1 0 121 74 121 74
78 68 1 0 78 68 86 74
98 75 1 0 99 75 99 75
110 74 1 0 113 68 143 75
150 78 1 0 142 84 279 87
155 82 1 0 155 82 156 68
96 68 1 0 109 70 110 68
187 82 1 0 193 78 191 81
98 69 1 0 104 75 107 88
128 82 1 0 136 68 136 68
133 66 1 0 102 74 102 74
86 68 1 0 84 69 84 69
143 82 1 0 119 68 119 68
128 74 1 0 153 95 109 74
116 75 1 0 98 69 98 69
90 72 1 0 90 72 90 72
142 74 1 0 140 74 140 74
134 69 1 0 110 74 110 74
119 74 1 0 156 89 145 84
129 74 1 0 128 74 128 74
123 79 1 0 135 77 165 74
116 74 1 0 114 74 114 74
92 75 1 0 92 72 92 72
70 66 1 0 74 70 74 68
90 72 1 0 89 72 89 72
99 74 1 0 105 75 146 78
96 77 1 0 88 69 88 69
144 76 1 0 143 76 147 74
137 68 1 0 105 74 105 74
133 78 1 0 132 78 121 85
139 74 1 0 139 76 138 74
73 66 1 0 71 66 71 66
106 74 1 0 115 68 115 68
145 78 1 0 139 78 139 78
103 74 1 0 106 74 106 74
114 68 1 0 110 68 110 74
129 74 1 0 144 86 159 72
127 74 1 0 126 74 126 74
424 81 1 0 158 83 161 74
123 77 1 0 123 74 123 74
102 75 1 0 102 75 102 75
211 104 1 0 184 83 182 75
122 74 1 0 123 74 123 74
147 76 1 0 155 84 141 75
108 71 1 0 103 75 103 75
71 66 1 0 71 66 71 66
187 83 1 0 186 83 190 74
111 68 1 0 110 68 255 78
107 74 1 0 119 82 122 68
115 72 1 0 112 77 118 69
177 77 1 0 168 77 133 75
81 68 1 0 75 72 75 72
133 79 1 0 112 70 102 74
88 72 1 0 88 74 91 83
112 74 1 0 106 74 106 74
120 74 1 0 119 74 119 74
166 78 1 0 168 83 174 81
136 74 1 0 132 74 132 74
71 68 1 0 69 68 90 77
89 68 1 0 89 68 89 68
77 68 1 0 76 68 76 68
134 77 1 0 120 78 168 74
131 75 1 0 130 75 132 75
76 68 1 0 74 68 74 68
124 68 1 0 124 70 124 70
76 69 1 0 80 71 85 66
104 74 1 0 104 74 104 74
96 74 1 0 110 74 110 74
149 84 1 0 151 84 174 83
178 68 1 0 176 68 176 68
157 74 1 0 151 74 151 74
127 68 1 0 108 74 108 74
138 68 1 0 136 68 136 74
122 74 1 0 109 74 109 74
395 77 1 0 87 68 87 68
166 68 1 0 146 68 146 68
106 74 1 0 124 69 103 74
118 75 1 0 116 84 150 81
107 74 1 0 101 74 101 74
145 76 1 0 142 76 139 74
184 82 1 0 163 86 161 74
105 68 1 0 102 68 102 68
139 74 1 0 138 74 138 74
95 74 1 0 96 74 96 74
91 74 1 0 97 71 107 75
85 68 1 0 71 69 71 69
245 78 1 0 173 86 173 78
94 68 1 0 96 68 96 68
121 74 1 0 91 78 121 74
114 74 1 0 111 82 113 74
77 69 1 0 81 69 81 69
134 77 1 0 92 77 106 87
179 72 1 0 198 89 175 74
124 91 1 0 129 78 215 85
120 68 1 0 120 69 169 114
493 89 1 0 107 75 107 75
209 90 1 0 156 82 133 74
139 84 1 0 168 90 127 74
123 68 1 0 113 68 113 68
102 72 1 0 101 72 101 72
115 71 1 0 104 74 104 74
135 76 1 0 141 68 141 68
106 68 1 0 103 68 103 68
123 75 1 0 115 75 164 105
135 74 1 0 134 74 134 74
142 83 1 0 142 82 134 74
141 82 1 0 111 74 111 74
112 71 1 0 166 74 166 74
445 102 1 0 108 74 108 74
148 82 1 0 148 82 149 68
98 66 1 0 85 68 85 68
117 74 1 0 136 74 136 74
178 77 1 0 187 83 187 87
98 75 1 0 98 75 127 83
73 69 1 0 80 68 80 68
103 68 1 0 122 74 122 74
100 71 1 0 100 71 100 75
81 68 1 0 85 69 82 66
78 69 1 0 89 69 89 81
81 69 1 0 81 69 81 69
128 75 1 0 127 75 130 72
133 74 1 0 160 87 172 83
95 69 1 0 94 72 111 81
204 93 1 0 137 76 137 74
175 74 1 0 136 74 136 74
77 68 1 0 84 68 84 68
150 82 1 0 103 75 98 74
119 75 1 0 120 71 120 72
139 74 1 0 169 75 170 78
114 69 1 0 131 69 131 69
147 80 1 0 187 89 180 75
70 69 1 0 70 69 70 69
121 74 1 0 118 74 159 78
147 76 1 0 145 68 145 68
84 72 1 0 87 74 87 74
133 75 1 0 138 83 147 69
75 70 1 0 70 68 70 68
136 68 1 0 135 68 135 68
124 69 1 0 124 68 124 68
105 74 1 0 97 74 97 74
96 72 1 0 94 72 94 72
159 76 1 0 176 83 163 85
73 68 1 0 73 69 73 69
130 77 1 0 130 77 173 83
168 82 1 0 152 82 139 74
115 75 1 0 115 74 115 74
149 82 1 0 137 82 145 74
116 70 1 0 125 76 124 68
77 72 1 0 75 75 80 77
161 68 1 0 162 68 162 68
136 74 1 0 134 74 134 74
108 71 1 0 108 68 108 68
147 74 1 0 146 77 137 74
106 74 1 0 106 74 106 74
99 69 1 0 97 68 97 68
107 69 1 0 107 69 107 69
107 69 1 0 90 74 90 74
110 74 1 0 107 74 125 78
427 85 1 0 144 68 144 68
110 69 1 0 93 70 144 81
count: 992
DIJ: 73350 115286
DSTARLITE: 74086 126838
DSTARLITELABEL: 0 992
ASTAR: 73493 258858
RUNTIME: 106539 14780 0 258858
