159 82 1 0 159 82 192 68
209 82 1 0 171 82 216 75
140 71 1 0 110 69 139 68
181 91 1 0 134 72 260 71
114 66 1 0 109 66 109 66
101 68 1 0 99 69 105 75
110 69 1 0 189 86 122 68
109 68 1 0 93 72 110 78
116 69 1 0 207 74 207 74
78 69 1 0 82 68 94 77
84 72 1 0 84 70 82 68
134 74 1 0 116 75 140 80
164 80 1 0 216 76 261 68
163 82 1 0 125 72 245 77
170 82 1 0 138 85 138 85
253 82 1 0 182 84 139 86
169 74 1 0 137 76 161 68
163 83 1 0 163 83 163 92
143 76 1 0 144 76 245 81
165 66 1 0 104 72 104 72
98 69 1 0 100 69 100 69
158 80 1 0 226 84 284 71
127 69 1 0 85 68 85 68
115 80 1 0 209 82 141 68
171 76 1 0 142 68 142 68
177 74 1 0 431 78 192 79
148 77 1 0 194 110 147 68
186 74 1 0 174 74 174 74
130 86 1 0 117 69 117 69
196 80 1 0 162 80 232 72
161 68 1 0 166 71 138 72
167 79 1 0 205 92 224 78
203 68 1 0 230 94 175 80
130 76 1 0 150 82 167 86
253 82 1 0 244 88 501 68
252 80 1 0 252 76 155 68
290 100 1 0 235 82 216 69
142 72 1 0 135 72 226 92
80 68 1 0 80 66 80 66
169 88 1 0 169 90 176 80
149 72 1 0 145 82 167 68
147 89 1 0 191 81 163 68
121 80 1 0 124 80 233 83
352 88 1 0 150 82 165 68
194 88 1 0 194 88 172 92
113 69 1 0 136 68 136 68
208 81 1 0 237 99 173 68
87 68 1 0 111 79 128 71
145 68 1 0 144 68 144 68
324 105 1 0 211 87 174 89
161 74 1 0 240 85 240 85
239 82 1 0 185 68 185 68
132 78 1 0 147 82 151 68
171 76 1 0 226 85 247 68
161 78 1 0 199 83 207 69
130 68 1 0 128 68 128 68
168 77 1 0 128 75 153 83
117 75 1 0 117 75 221 75
159 74 1 0 168 68 168 68
94 72 1 0 93 70 93 66
220 93 1 0 162 77 179 69
85 66 1 0 90 71 87 68
180 83 1 0 152 85 150 68
132 72 1 0 246 76 250 68
128 77 1 0 152 68 152 68
249 94 1 0 170 75 192 76
177 77 1 0 177 69 177 69
176 74 1 0 133 68 133 68
143 82 1 0 199 86 178 68
131 70 1 0 103 68 103 68
128 68 1 0 122 74 122 74
114 72 1 0 112 72 136 81
79 69 1 0 74 68 74 68
180 74 1 0 148 72 155 68
131 94 1 0 131 83 150 72
167 84 1 0 233 82 228 68
215 78 1 0 136 72 307 75
221 96 1 0 238 90 218 74
231 102 1 0 155 83 141 68
243 84 1 0 245 84 168 68
135 77 1 0 143 79 139 68
132 70 1 0 113 76 103 68
352 105 1 0 203 82 215 80
256 78 1 0 255 78 310 75
103 68 1 0 103 68 103 68
157 70 1 0 157 70 165 68
232 88 1 0 123 82 252 79
87 68 1 0 87 68 87 68
106 66 1 0 95 69 94 66
244 79 1 0 167 76 158 68
174 68 1 0 160 68 160 68
135 68 1 0 113 68 113 68
209 82 1 0 159 84 263 68
97 69 1 0 88 69 107 81
111 75 1 0 151 82 184 68
147 70 1 0 147 70 154 68
142 80 1 0 129 82 160 74
102 66 1 0 92 68 92 68
231 90 1 0 127 74 127 74
186 74 1 0 168 80 189 80
156 80 1 0 113 80 161 82
73 69 1 0 76 75 73 72
157 84 1 0 157 84 199 75
123 68 1 0 124 68 124 68
216 76 1 0 308 90 311 75
162 82 1 0 160 82 176 68
138 75 1 0 138 77 132 68
170 72 1 0 195 83 163 69
151 75 1 0 133 66 133 66
78 66 1 0 93 68 93 68
179 68 1 0 253 89 146 69
130 68 1 0 130 68 130 68
151 72 1 0 378 113 151 68
131 81 1 0 149 88 157 68
109 72 1 0 104 72 104 68
147 82 1 0 155 72 155 72
105 68 1 0 94 69 105 68
98 66 1 0 110 71 105 69
185 68 1 0 170 72 170 72
191 70 1 0 192 73 274 81
129 69 1 0 102 69 110 68
149 74 1 0 149 72 171 80
94 69 1 0 88 76 121 81
162 77 1 0 138 82 109 74
79 68 1 0 70 68 70 68
97 76 1 0 97 76 84 66
182 83 1 0 149 81 319 75
294 95 1 0 182 68 182 68
224 75 1 0 167 77 184 75
227 76 1 0 130 68 130 68
165 75 1 0 158 75 158 75
156 80 1 0 138 76 128 68
164 76 1 0 156 68 156 68
74 69 1 0 74 69 98 75
73 72 1 0 90 71 91 66
90 69 1 0 88 69 123 86
92 69 1 0 91 69 92 66
221 82 1 0 100 76 222 81
120 76 1 0 97 69 147 77
76 69 1 0 90 71 90 71
151 82 1 0 220 82 396 68
141 70 1 0 127 72 116 75
127 82 1 0 169 68 169 68
148 80 1 0 120 68 120 68
176 78 1 0 153 68 153 68
190 74 1 0 107 72 149 81
139 82 1 0 142 83 214 69
196 68 1 0 108 72 268 79
148 74 1 0 150 80 149 80
138 74 1 0 121 74 170 87
175 78 1 0 147 84 243 75
229 81 1 0 146 82 172 82
139 74 1 0 183 79 184 74
237 100 1 0 142 72 142 72
106 78 1 0 112 80 168 75
161 76 1 0 251 74 208 68
77 69 1 0 77 68 77 68
124 68 1 0 124 68 124 68
115 68 1 0 126 74 206 75
229 106 1 0 232 90 181 68
115 68 1 0 122 78 95 68
108 77 1 0 90 76 94 68
115 68 1 0 107 68 107 68
222 80 1 0 156 80 217 75
184 79 1 0 175 69 271 75
72 69 1 0 71 66 71 66
134 72 1 0 262 76 284 68
119 80 1 0 119 80 156 72
437 97 1 0 295 99 219 68
178 86 1 0 313 87 254 76
89 69 1 0 89 69 89 69
131 75 1 0 115 87 116 68
181 74 1 0 157 84 264 90
137 80 1 0 195 76 213 68
106 71 1 0 80 69 101 75
123 66 1 0 156 76 122 66
136 69 1 0 142 82 138 79
152 74 1 0 155 74 157 80
161 75 1 0 109 69 164 75
116 69 1 0 104 71 103 68
121 72 1 0 393 108 231 72
141 75 1 0 169 82 142 68
113 74 1 0 121 69 121 69
168 87 1 0 135 83 211 90
271 72 1 0 171 76 229 74
123 78 1 0 113 69 104 79
86 66 1 0 72 69 95 83
105 68 1 0 105 68 105 68
88 73 1 0 74 68 74 68
208 68 1 0 133 68 133 80
145 80 1 0 146 78 144 69
141 76 1 0 141 76 170 75
145 82 1 0 115 76 119 68
124 69 1 0 137 74 137 74
75 69 1 0 82 68 82 68
123 68 1 0 137 77 152 82
105 77 1 0 110 76 94 68
159 81 1 0 156 81 203 87
181 70 1 0 157 70 193 68
162 74 1 0 162 72 228 68
124 78 1 0 124 78 164 76
190 82 1 0 119 70 234 75
128 74 1 0 169 84 129 74
142 68 1 0 114 72 142 68
107 75 1 0 121 74 111 83
232 82 1 0 232 82 175 68
107 68 1 0 121 70 107 68
197 85 1 0 173 81 200 74
179 84 1 0 182 82 326 68
178 83 1 0 200 115 188 75
99 66 1 0 94 68 94 68
96 74 1 0 73 66 73 66
113 70 1 0 95 66 95 66
220 101 1 0 220 103 235 81
87 68 1 0 96 75 91 72
139 68 1 0 151 76 150 74
105 66 1 0 87 69 89 68
108 76 1 0 102 69 102 69
184 83 1 0 154 68 163 75
168 98 1 0 116 74 111 68
96 68 1 0 93 68 93 68
371 101 1 0 117 72 117 72
141 76 1 0 132 74 168 80
177 84 1 0 128 72 162 86
137 74 1 0 129 76 127 68
100 69 1 0 90 74 108 81
148 75 1 0 123 74 156 75
103 69 1 0 107 72 106 69
123 75 1 0 123 69 114 75
87 68 1 0 87 68 103 77
171 82 1 0 171 82 296 68
136 69 1 0 99 72 175 86
86 66 1 0 81 68 81 68
162 90 1 0 161 90 165 74
197 90 1 0 218 92 221 68
94 69 1 0 92 69 103 69
205 101 1 0 130 76 170 68
249 100 1 0 182 76 182 74
282 82 1 0 136 70 140 71
201 81 1 0 289 72 289 72
208 84 1 0 231 72 163 72
168 74 1 0 168 74 141 78
183 82 1 0 185 86 225 72
116 68 1 0 117 72 116 68
359 104 1 0 117 80 117 79
191 76 1 0 131 74 191 75
166 82 1 0 181 76 189 68
85 68 1 0 85 68 85 68
185 84 1 0 183 74 183 74
226 73 1 0 189 73 189 73
143 70 1 0 137 69 141 75
152 68 1 0 183 68 183 68
188 90 1 0 188 90 128 69
171 76 1 0 139 75 140 69
143 82 1 0 140 78 171 68
137 76 1 0 132 76 144 75
148 77 1 0 131 70 131 70
123 80 1 0 152 84 152 68
95 74 1 0 134 72 129 79
151 68 1 0 107 66 107 66
92 66 1 0 92 66 92 66
77 69 1 0 79 71 97 66
149 76 1 0 128 68 128 68
236 76 1 0 236 76 246 68
114 72 1 0 276 90 170 68
149 77 1 0 102 69 227 77
518 82 1 0 170 85 224 74
150 68 1 0 322 79 322 79
129 82 1 0 116 68 116 68
76 66 1 0 76 66 76 66
78 71 1 0 82 71 82 71
175 82 1 0 175 84 258 68
278 92 1 0 175 83 266 75
229 68 1 0 177 73 177 68
127 82 1 0 126 82 153 74
163 74 1 0 167 76 145 78
122 80 1 0 150 80 160 68
94 69 1 0 82 66 82 66
200 119 1 0 95 71 111 68
70 69 1 0 78 68 78 68
159 68 1 0 159 68 159 68
128 74 1 0 167 80 167 80
220 76 1 0 125 84 267 68
130 77 1 0 208 79 198 68
80 71 1 0 80 71 94 82
177 82 1 0 156 74 202 74
152 69 1 0 149 77 152 69
118 69 1 0 156 91 118 68
188 82 1 0 229 90 276 68
107 75 1 0 133 76 120 69
158 77 1 0 127 69 151 75
77 68 1 0 70 66 70 66
147 84 1 0 135 75 190 74
169 77 1 0 197 77 199 75
101 68 1 0 90 66 90 66
237 89 1 0 141 76 172 68
175 80 1 0 218 82 483 102
104 76 1 0 122 80 126 80
116 66 1 0 108 68 108 68
164 79 1 0 164 79 176 68
177 93 1 0 105 69 169 75
222 76 1 0 103 72 271 72
163 74 1 0 194 70 194 68
154 82 1 0 154 82 168 68
172 76 1 0 172 76 210 68
182 68 1 0 132 70 145 68
100 72 1 0 100 72 188 75
140 68 1 0 181 78 136 68
141 76 1 0 141 77 151 68
141 68 1 0 184 70 141 68
163 68 1 0 161 66 161 66
102 69 1 0 100 70 88 71
184 77 1 0 185 77 203 69
127 66 1 0 102 72 118 75
131 68 1 0 171 86 152 82
177 71 1 0 111 69 111 68
205 99 1 0 187 75 199 69
131 70 1 0 188 78 188 78
250 106 1 0 146 82 151 75
148 78 1 0 129 70 129 69
146 77 1 0 213 76 179 68
98 72 1 0 111 68 111 68
197 80 1 0 180 78 249 75
128 69 1 0 130 68 130 68
143 76 1 0 143 72 143 69
124 68 1 0 126 68 126 68
186 88 1 0 277 118 259 83
198 80 1 0 109 72 117 68
177 68 1 0 163 68 163 68
112 66 1 0 81 69 81 68
291 90 1 0 157 82 168 75
415 138 1 0 165 69 165 69
136 74 1 0 136 74 261 68
97 69 1 0 97 69 97 69
81 66 1 0 80 68 80 68
200 92 1 0 225 84 177 68
131 68 1 0 105 72 170 68
148 71 1 0 149 76 188 84
172 84 1 0 125 68 125 68
109 72 1 0 104 72 102 68
219 76 1 0 220 76 345 68
117 69 1 0 117 69 143 75
107 68 1 0 107 68 107 68
202 76 1 0 233 86 244 78
118 74 1 0 111 82 117 68
115 68 1 0 107 68 107 68
274 95 1 0 473 102 157 68
116 80 1 0 162 79 148 74
156 77 1 0 154 76 134 74
163 74 1 0 191 97 186 75
153 69 1 0 95 68 95 68
262 102 1 0 167 81 118 68
509 115 1 0 102 72 119 75
317 96 1 0 187 82 155 68
116 74 1 0 116 74 116 74
156 71 1 0 127 76 127 76
167 78 1 0 176 88 166 68
110 68 1 0 159 76 146 74
131 78 1 0 209 89 131 78
206 97 1 0 406 98 203 74
147 76 1 0 147 76 143 68
128 75 1 0 100 69 100 69
87 69 1 0 87 69 88 75
152 68 1 0 130 68 130 68
289 94 1 0 550 139 204 89
177 73 1 0 153 74 139 66
127 72 1 0 218 85 214 68
160 68 1 0 159 78 159 69
179 74 1 0 179 74 179 74
123 84 1 0 137 84 146 80
170 76 1 0 169 76 136 68
215 82 1 0 215 76 236 75
326 96 1 0 300 95 265 78
217 82 1 0 217 82 219 68
178 80 1 0 191 82 179 72
86 69 1 0 91 81 91 81
127 69 1 0 126 71 157 75
128 80 1 0 137 80 162 68
227 91 1 0 227 91 233 82
119 72 1 0 118 72 143 68
167 74 1 0 134 72 124 69
111 69 1 0 105 71 105 71
74 69 1 0 75 68 75 68
168 96 1 0 168 96 170 69
204 68 1 0 181 68 181 68
147 76 1 0 117 75 114 68
183 86 1 0 175 80 255 68
158 76 1 0 156 76 164 68
89 66 1 0 90 68 90 68
149 76 1 0 149 76 166 68
92 68 1 0 92 68 92 68
205 84 1 0 229 76 179 74
123 76 1 0 110 76 172 89
124 74 1 0 152 68 152 68
108 72 1 0 202 72 276 68
93 66 1 0 93 66 93 66
101 68 1 0 105 72 89 68
179 76 1 0 176 76 150 68
100 72 1 0 76 68 101 78
118 74 1 0 152 68 152 68
81 71 1 0 80 68 80 68
192 83 1 0 191 79 404 80
152 76 1 0 151 76 153 68
239 76 1 0 239 76 250 68
101 73 1 0 81 71 102 78
95 68 1 0 72 71 68 68
138 84 1 0 138 84 168 82
104 74 1 0 178 76 240 68
151 76 1 0 184 72 180 68
160 85 1 0 161 74 161 74
87 69 1 0 87 69 106 75
136 68 1 0 139 72 136 68
130 69 1 0 130 69 130 69
86 68 1 0 70 68 70 68
138 77 1 0 144 85 147 69
160 84 1 0 146 84 193 75
87 78 1 0 87 75 92 75
133 80 1 0 131 80 328 81
207 88 1 0 138 79 184 80
151 79 1 0 118 73 110 66
145 75 1 0 161 76 146 68
87 71 1 0 84 68 84 68
159 82 1 0 171 92 146 76
131 74 1 0 128 74 128 80
239 86 1 0 152 74 152 74
129 70 1 0 128 68 128 68
169 68 1 0 168 68 168 68
98 69 1 0 92 69 93 75
214 83 1 0 302 94 251 75
78 69 1 0 78 69 96 80
108 69 1 0 91 68 91 68
255 90 1 0 221 90 228 86
202 80 1 0 148 74 193 91
232 86 1 0 204 76 204 76
176 70 1 0 126 85 197 74
193 89 1 0 193 89 239 74
126 68 1 0 99 69 124 85
78 69 1 0 70 69 77 75
528 110 1 0 194 82 292 72
137 71 1 0 162 69 162 69
146 71 1 0 148 68 148 68
118 82 1 0 121 82 143 85
132 72 1 0 162 80 199 75
248 74 1 0 243 77 235 69
168 81 1 0 146 82 209 74
219 83 1 0 275 92 164 80
113 70 1 0 112 69 111 68
107 68 1 0 102 68 102 68
194 74 1 0 212 72 201 80
141 77 1 0 141 76 197 75
75 66 1 0 74 69 74 69
74 66 1 0 74 66 74 66
88 68 1 0 89 68 89 68
188 72 1 0 149 66 149 66
110 70 1 0 99 71 117 77
141 68 1 0 145 68 145 68
146 75 1 0 143 68 143 68
123 69 1 0 144 70 143 68
87 69 1 0 107 75 109 75
95 68 1 0 97 69 96 68
256 100 1 0 152 76 149 78
145 74 1 0 149 68 149 68
201 83 1 0 223 82 205 68
115 68 1 0 100 68 116 77
104 69 1 0 100 71 145 75
153 76 1 0 145 76 171 68
71 69 1 0 73 69 76 75
72 69 1 0 78 69 99 72
137 68 1 0 137 68 137 68
80 69 1 0 80 69 84 79
95 68 1 0 95 70 95 68
157 77 1 0 172 91 153 75
215 88 1 0 189 81 212 69
90 68 1 0 98 72 90 69
102 69 1 0 94 69 171 77
164 76 1 0 133 82 146 80
154 76 1 0 125 78 221 72
103 68 1 0 103 68 103 68
122 72 1 0 138 72 155 68
119 68 1 0 116 68 116 68
140 72 1 0 136 72 210 69
78 70 1 0 78 68 78 68
232 84 1 0 232 84 233 68
109 69 1 0 89 68 89 68
148 74 1 0 159 80 230 79
411 80 1 0 201 85 142 69
132 74 1 0 165 82 166 68
116 78 1 0 182 90 164 86
117 68 1 0 101 68 101 68
113 68 1 0 87 70 87 68
148 86 1 0 148 86 150 74
205 76 1 0 218 86 265 81
195 87 1 0 208 80 198 68
206 76 1 0 361 74 269 68
122 68 1 0 123 70 123 70
139 77 1 0 138 77 180 80
138 78 1 0 98 78 122 79
156 76 1 0 219 82 306 66
242 84 1 0 174 72 174 72
176 91 1 0 176 91 218 68
83 74 1 0 78 72 78 75
258 87 1 0 203 87 258 68
351 92 1 0 490 91 336 68
180 69 1 0 179 80 281 80
109 76 1 0 103 74 251 75
199 68 1 0 198 70 198 68
272 103 1 0 368 94 294 72
127 80 1 0 136 80 207 75
163 86 1 0 121 80 165 74
70 66 1 0 70 66 70 66
158 79 1 0 190 88 211 68
248 102 1 0 205 100 269 74
183 82 1 0 537 88 230 68
128 82 1 0 189 90 154 69
151 72 1 0 149 69 269 75
108 76 1 0 107 68 107 68
443 92 1 0 212 85 295 81
189 80 1 0 165 80 162 80
114 74 1 0 114 74 206 82
81 66 1 0 80 69 84 75
152 68 1 0 128 80 127 68
83 66 1 0 82 68 82 68
149 80 1 0 156 72 446 84
149 74 1 0 149 74 142 68
291 82 1 0 196 74 196 74
139 68 1 0 90 68 90 68
111 70 1 0 111 70 231 81
173 74 1 0 143 74 204 86
116 69 1 0 86 72 107 79
77 69 1 0 75 66 78 72
106 69 1 0 117 69 117 69
256 85 1 0 177 80 307 75
113 68 1 0 82 72 113 68
142 76 1 0 117 69 117 69
167 76 1 0 120 72 199 68
238 68 1 0 238 68 238 68
141 82 1 0 190 96 179 86
179 88 1 0 179 88 193 87
86 70 1 0 73 69 73 68
75 69 1 0 77 71 76 75
145 78 1 0 123 78 144 78
139 68 1 0 110 82 142 68
131 77 1 0 161 87 119 74
268 94 1 0 169 76 285 91
113 72 1 0 113 72 153 86
149 76 1 0 107 82 139 80
126 70 1 0 126 70 121 69
265 76 1 0 262 76 267 68
137 85 1 0 142 77 155 68
88 66 1 0 94 68 94 68
144 79 1 0 181 90 260 68
224 86 1 0 102 72 101 68
129 72 1 0 101 69 118 72
167 97 1 0 100 69 100 69
167 78 1 0 211 94 173 68
305 98 1 0 171 82 160 78
156 76 1 0 118 72 125 78
97 69 1 0 83 69 91 66
197 68 1 0 144 68 144 68
145 68 1 0 178 70 184 75
150 82 1 0 149 82 181 68
220 83 1 0 265 80 261 68
165 82 1 0 190 68 190 68
162 82 1 0 167 68 167 68
286 96 1 0 161 81 165 75
118 68 1 0 103 69 120 75
149 72 1 0 144 72 193 79
136 72 1 0 208 87 280 93
88 75 1 0 86 69 75 68
258 74 1 0 162 76 265 77
118 68 1 0 172 87 173 75
159 69 1 0 99 72 159 69
79 72 1 0 74 72 71 68
131 68 1 0 131 68 131 68
144 80 1 0 208 82 227 77
236 79 1 0 202 78 239 68
123 69 1 0 124 69 124 68
118 76 1 0 110 68 110 68
106 68 1 0 99 72 106 68
71 66 1 0 71 66 71 66
84 69 1 0 94 68 94 68
108 68 1 0 104 68 104 68
126 68 1 0 116 68 116 68
189 69 1 0 250 80 221 68
128 80 1 0 128 80 213 68
471 82 1 0 180 76 167 68
152 72 1 0 190 79 153 80
111 69 1 0 104 68 104 68
181 76 1 0 179 76 325 75
103 66 1 0 72 68 72 68
175 69 1 0 238 86 237 69
79 73 1 0 73 69 79 77
101 68 1 0 126 86 269 74
174 68 1 0 185 76 207 74
221 92 1 0 164 72 245 75
72 68 1 0 74 71 71 68
124 74 1 0 124 74 127 81
223 82 1 0 138 68 138 68
130 72 1 0 130 72 143 82
148 74 1 0 147 68 238 80
185 86 1 0 130 82 208 68
137 83 1 0 125 69 148 75
105 69 1 0 92 69 92 69
113 72 1 0 137 76 146 82
171 77 1 0 148 82 268 74
291 86 1 0 242 68 242 68
119 69 1 0 116 69 258 68
78 71 1 0 83 66 83 66
119 72 1 0 120 72 327 75
136 76 1 0 136 76 470 88
165 76 1 0 194 78 285 80
92 71 1 0 92 71 106 69
136 82 1 0 136 82 205 68
194 76 1 0 193 76 199 75
141 76 1 0 138 76 175 68
165 82 1 0 134 72 164 76
181 91 1 0 111 72 189 80
128 71 1 0 121 68 121 68
126 79 1 0 266 107 211 82
244 89 1 0 310 81 307 92
142 74 1 0 218 80 192 68
229 86 1 0 145 80 232 81
110 72 1 0 112 80 236 84
80 68 1 0 80 70 80 68
111 76 1 0 126 69 126 69
202 84 1 0 131 68 131 68
153 83 1 0 126 76 160 68
257 79 1 0 217 82 234 81
168 78 1 0 247 95 190 75
79 68 1 0 77 68 77 68
73 68 1 0 73 69 73 68
306 89 1 0 297 76 212 68
194 82 1 0 194 82 438 86
94 66 1 0 94 68 82 66
126 75 1 0 126 75 138 82
179 80 1 0 154 78 181 82
166 80 1 0 183 72 184 80
112 72 1 0 142 86 270 75
133 68 1 0 115 68 115 68
150 78 1 0 150 78 156 68
186 68 1 0 186 68 186 68
115 68 1 0 113 68 113 68
154 88 1 0 138 72 233 68
206 68 1 0 186 75 186 74
175 80 1 0 168 80 188 68
119 70 1 0 119 68 119 68
182 78 1 0 229 78 230 79
193 94 1 0 117 68 117 68
142 70 1 0 139 68 139 68
135 76 1 0 135 68 133 72
82 72 1 0 77 68 77 68
117 68 1 0 123 76 119 68
197 70 1 0 134 78 138 86
107 75 1 0 107 75 107 75
123 80 1 0 159 80 157 69
145 68 1 0 128 72 172 75
93 68 1 0 84 75 88 68
128 88 1 0 157 76 153 68
136 80 1 0 194 91 131 79
146 70 1 0 125 76 136 68
130 78 1 0 150 88 170 80
135 81 1 0 136 73 137 71
125 69 1 0 91 69 128 77
102 68 1 0 93 76 105 78
122 68 1 0 131 72 281 75
79 69 1 0 73 71 79 68
499 86 1 0 152 68 152 68
80 66 1 0 75 68 75 68
114 72 1 0 111 72 161 78
85 66 1 0 77 66 77 66
177 76 1 0 229 78 189 74
70 68 1 0 70 68 70 68
73 68 1 0 69 66 69 66
150 76 1 0 151 76 182 74
240 68 1 0 238 68 238 68
142 68 1 0 126 68 126 68
231 78 1 0 225 86 218 82
138 72 1 0 149 72 210 85
160 76 1 0 149 68 149 68
158 82 1 0 177 76 207 75
75 66 1 0 73 66 73 66
166 81 1 0 178 81 199 68
198 90 1 0 198 90 173 68
145 68 1 0 119 68 119 68
85 69 1 0 89 68 89 68
406 107 1 0 87 72 86 72
168 79 1 0 167 78 111 68
177 72 1 0 191 76 215 68
136 76 1 0 118 72 204 74
183 77 1 0 155 77 186 69
94 66 1 0 101 80 99 68
119 72 1 0 130 76 149 80
96 69 1 0 95 68 95 68
124 70 1 0 124 70 109 78
188 78 1 0 128 86 225 86
139 72 1 0 135 72 311 68
107 74 1 0 99 75 118 75
157 75 1 0 183 84 135 77
125 70 1 0 113 75 122 66
175 84 1 0 204 79 267 86
235 69 1 0 199 71 125 68
109 68 1 0 162 78 121 68
194 76 1 0 238 85 305 75
149 68 1 0 149 68 149 68
153 75 1 0 178 77 113 66
96 66 1 0 96 66 96 66
110 72 1 0 138 68 138 68
118 68 1 0 116 70 146 75
142 76 1 0 126 72 143 75
122 69 1 0 88 68 88 68
201 74 1 0 195 74 166 76
191 80 1 0 188 75 540 68
150 74 1 0 149 74 133 68
136 74 1 0 203 74 159 74
189 82 1 0 189 82 170 68
96 69 1 0 117 66 117 66
236 84 1 0 178 82 175 69
163 75 1 0 258 76 207 68
132 66 1 0 150 69 150 69
151 76 1 0 141 76 127 68
133 80 1 0 200 81 228 75
95 70 1 0 90 69 111 66
214 76 1 0 212 76 471 68
108 66 1 0 100 69 135 75
170 72 1 0 175 68 175 68
136 77 1 0 109 71 134 85
165 68 1 0 227 68 227 68
168 80 1 0 143 74 143 74
146 82 1 0 147 82 283 83
113 72 1 0 151 85 168 81
134 74 1 0 134 69 111 68
137 76 1 0 136 79 136 68
151 68 1 0 172 68 172 68
92 69 1 0 107 72 92 66
208 66 1 0 154 76 240 66
128 82 1 0 211 82 214 68
93 71 1 0 93 68 93 68
560 82 1 0 175 84 180 80
191 77 1 0 189 82 205 78
155 74 1 0 133 80 130 66
202 81 1 0 225 90 233 72
196 90 1 0 239 96 280 74
413 90 1 0 193 82 186 90
147 82 1 0 140 82 258 80
81 68 1 0 83 66 83 66
136 72 1 0 124 72 165 89
137 80 1 0 524 89 397 73
120 68 1 0 98 72 117 68
205 90 1 0 165 68 165 68
378 113 1 0 408 92 182 81
88 68 1 0 91 68 91 68
83 75 1 0 67 66 67 66
164 80 1 0 179 70 224 68
141 74 1 0 142 76 181 68
106 68 1 0 107 68 107 68
164 74 1 0 257 82 225 68
89 66 1 0 96 68 96 68
151 76 1 0 151 76 151 78
181 76 1 0 184 76 211 68
145 68 1 0 102 72 181 86
139 80 1 0 231 82 272 74
204 90 1 0 205 82 202 78
153 75 1 0 175 75 172 86
102 68 1 0 101 69 101 69
83 69 1 0 132 77 82 68
172 84 1 0 172 84 172 86
132 69 1 0 127 71 127 69
149 68 1 0 147 69 236 81
187 76 1 0 187 76 206 68
228 76 1 0 228 76 151 80
598 103 1 0 214 94 278 89
132 72 1 0 160 68 160 68
110 66 1 0 110 66 110 66
208 82 1 0 195 68 195 68
84 69 1 0 85 71 95 75
207 87 1 0 190 79 279 75
89 68 1 0 88 68 88 68
121 69 1 0 91 68 91 68
186 76 1 0 186 76 219 68
255 84 1 0 164 82 159 68
269 92 1 0 178 87 282 82
156 82 1 0 156 82 136 68
131 76 1 0 131 76 140 71
225 90 1 0 213 96 181 68
130 70 1 0 131 68 131 68
151 68 1 0 160 74 160 74
222 96 1 0 162 68 162 68
208 87 1 0 170 82 158 68
382 78 1 0 184 70 204 68
119 69 1 0 94 68 94 68
182 76 1 0 234 82 179 87
134 80 1 0 132 80 133 85
133 66 1 0 86 69 122 75
245 93 1 0 251 95 397 75
210 82 1 0 153 77 586 88
208 82 1 0 317 96 264 75
85 68 1 0 82 72 82 69
183 68 1 0 125 76 164 68
140 76 1 0 180 76 179 74
167 73 1 0 163 68 163 68
103 77 1 0 85 66 85 66
136 69 1 0 112 69 112 69
164 74 1 0 164 74 164 74
165 76 1 0 183 71 205 68
161 74 1 0 161 74 161 74
149 68 1 0 114 74 147 68
139 82 1 0 212 88 180 88
534 94 1 0 143 76 140 80
93 68 1 0 88 68 88 68
94 66 1 0 94 69 94 68
87 66 1 0 87 66 87 66
124 68 1 0 107 68 107 68
126 66 1 0 108 68 108 68
163 74 1 0 163 74 166 75
159 68 1 0 142 68 142 68
177 76 1 0 131 74 180 79
226 75 1 0 227 75 176 68
143 82 1 0 144 82 216 68
347 80 1 0 170 76 171 68
281 90 1 0 202 74 202 74
127 68 1 0 112 68 112 68
138 72 1 0 153 75 152 69
127 74 1 0 124 72 158 86
151 69 1 0 224 71 195 68
110 69 1 0 101 68 131 80
113 76 1 0 104 72 113 69
239 100 1 0 188 72 230 68
193 89 1 0 103 72 210 68
96 68 1 0 92 72 94 68
310 86 1 0 262 90 291 74
136 72 1 0 239 78 197 68
345 80 1 0 97 68 97 68
130 75 1 0 137 74 131 77
125 68 1 0 140 68 140 68
107 66 1 0 107 66 107 66
168 79 1 0 167 85 167 85
88 75 1 0 87 78 103 75
493 85 1 0 89 69 89 69
125 68 1 0 149 68 149 68
292 88 1 0 185 88 292 74
99 68 1 0 99 74 81 68
190 76 1 0 145 74 145 74
122 66 1 0 87 69 115 68
170 68 1 0 171 68 169 80
128 72 1 0 128 72 190 82
250 74 1 0 201 90 138 80
206 91 1 0 133 72 300 68
202 95 1 0 143 87 226 68
159 76 1 0 116 72 142 74
160 68 1 0 126 84 160 69
208 72 1 0 114 72 114 72
88 70 1 0 78 68 78 68
80 68 1 0 78 69 80 68
134 72 1 0 225 84 173 80
327 90 1 0 126 68 126 68
128 74 1 0 164 76 154 68
138 70 1 0 151 80 140 68
123 68 1 0 95 68 95 68
327 74 1 0 159 68 173 78
134 84 1 0 133 84 138 76
303 84 1 0 288 78 361 68
124 76 1 0 124 76 166 68
208 87 1 0 193 85 200 74
137 71 1 0 125 68 125 68
475 77 1 0 115 74 115 69
280 78 1 0 162 68 162 68
111 68 1 0 111 68 111 68
183 68 1 0 183 68 183 68
92 72 1 0 97 72 149 75
182 72 1 0 159 72 167 74
252 85 1 0 184 74 270 74
130 77 1 0 168 74 161 68
191 69 1 0 191 69 190 66
148 79 1 0 148 79 183 80
189 94 1 0 190 76 166 68
116 68 1 0 114 68 114 68
117 72 1 0 111 72 157 66
116 69 1 0 120 69 201 75
241 80 1 0 246 92 169 80
99 68 1 0 92 69 99 68
163 82 1 0 157 72 216 71
145 68 1 0 172 68 172 68
89 66 1 0 87 69 91 75
113 69 1 0 112 69 132 75
155 74 1 0 159 74 163 71
147 69 1 0 113 78 197 75
188 76 1 0 188 76 246 75
75 69 1 0 75 68 75 68
252 90 1 0 203 70 164 76
86 66 1 0 79 69 79 69
158 80 1 0 158 80 147 83
242 95 1 0 180 74 167 80
102 68 1 0 100 69 85 68
125 72 1 0 125 72 125 72
376 97 1 0 223 100 375 81
101 74 1 0 121 70 98 68
284 85 1 0 209 83 224 68
98 68 1 0 81 69 81 66
168 87 1 0 175 75 423 75
116 71 1 0 151 69 151 69
237 74 1 0 168 72 221 72
126 82 1 0 114 72 250 74
92 70 1 0 92 72 102 75
103 72 1 0 112 68 112 68
141 74 1 0 139 74 132 80
108 78 1 0 105 74 105 74
73 69 1 0 73 69 83 75
79 69 1 0 76 69 79 75
236 88 1 0 212 102 195 68
147 76 1 0 260 82 248 68
182 87 1 0 129 72 182 75
334 76 1 0 154 82 201 75
162 76 1 0 203 90 203 74
90 80 1 0 134 76 127 66
176 74 1 0 176 74 176 74
104 69 1 0 95 69 95 69
84 75 1 0 84 80 70 68
136 76 1 0 131 82 167 80
102 71 1 0 89 66 89 66
94 72 1 0 112 72 94 78
144 72 1 0 214 79 214 79
174 84 1 0 174 84 256 68
92 66 1 0 92 68 102 75
91 66 1 0 91 68 91 68
81 69 1 0 74 68 74 68
173 78 1 0 239 84 185 75
115 68 1 0 115 68 115 68
110 68 1 0 110 68 110 68
165 69 1 0 130 68 130 68
113 69 1 0 110 69 110 69
148 80 1 0 148 82 151 80
97 69 1 0 97 69 97 66
166 75 1 0 193 87 152 74
343 80 1 0 144 83 145 80
115 68 1 0 101 69 106 68
181 87 1 0 181 89 174 75
93 71 1 0 95 68 95 68
133 82 1 0 155 74 140 68
150 77 1 0 149 77 119 69
164 77 1 0 118 74 165 68
159 80 1 0 158 80 286 75
154 86 1 0 198 91 227 68
166 68 1 0 185 75 158 68
74 68 1 0 73 66 73 66
273 88 1 0 135 74 286 69
167 76 1 0 259 88 307 68
111 75 1 0 108 74 96 68
166 83 1 0 169 79 342 75
180 78 1 0 180 78 180 78
277 94 1 0 100 72 100 72
251 68 1 0 251 68 251 68
169 83 1 0 167 83 191 75
183 84 1 0 127 80 215 87
130 80 1 0 199 80 178 68
121 80 1 0 120 81 139 69
159 69 1 0 169 72 169 72
119 72 1 0 174 69 173 68
260 79 1 0 179 77 237 75
88 72 1 0 101 75 102 77
141 74 1 0 124 66 153 80
252 92 1 0 227 72 227 72
185 86 1 0 126 80 158 68
128 76 1 0 131 79 131 68
89 68 1 0 89 68 119 79
149 82 1 0 311 101 317 68
102 68 1 0 89 74 110 83
151 80 1 0 150 80 199 82
166 71 1 0 165 71 150 78
164 80 1 0 162 74 188 86
156 82 1 0 141 75 172 80
153 82 1 0 119 82 150 68
203 88 1 0 147 95 201 72
147 73 1 0 149 73 149 73
375 109 1 0 361 110 338 68
107 70 1 0 110 69 116 68
102 69 1 0 101 69 99 78
134 82 1 0 187 76 129 68
182 76 1 0 163 88 186 79
223 76 1 0 207 79 370 93
284 86 1 0 200 78 296 75
208 78 1 0 303 78 189 75
155 80 1 0 152 72 163 74
180 68 1 0 143 74 143 74
117 78 1 0 115 76 112 68
count: 984
DIJ: 74380 147001
DSTARLITE: 74978 156268
DSTARLITELABEL: 0 984
ASTAR: 71200 286631
RUNTIME: 124212 12150 0 286631
