117 79 1 0 139 79 139 79
108 76 1 0 106 76 106 76
89 76 1 0 85 76 85 76
138 76 1 0 120 76 120 82
116 76 1 0 105 76 105 76
91 76 1 0 91 76 91 76
121 76 1 0 137 76 137 76
90 76 1 0 90 76 90 76
100 80 1 0 98 80 100 76
166 80 1 0 165 80 165 80
233 83 1 0 233 83 251 76
152 76 1 0 139 76 139 76
163 76 1 0 225 76 225 76
231 79 1 0 171 79 185 76
88 76 1 0 88 76 88 76
213 83 1 0 198 83 198 76
201 79 1 0 201 76 201 76
78 76 1 0 89 76 89 76
235 76 1 0 161 83 205 80
105 76 1 0 105 76 105 76
181 79 1 0 196 79 183 76
185 76 1 0 186 76 186 76
142 76 1 0 164 76 164 76
83 76 1 0 82 76 82 76
286 83 1 0 161 83 145 79
183 79 1 0 193 76 193 76
247 80 1 0 245 76 245 76
161 79 1 0 161 79 161 76
224 83 1 0 174 76 174 76
189 79 1 0 203 76 203 76
367 122 1 0 212 98 185 76
122 76 1 0 122 76 122 76
247 78 1 0 179 78 177 76
220 80 1 0 155 76 155 76
212 76 1 0 219 86 212 79
250 79 1 0 250 79 250 76
143 78 1 0 151 76 143 79
248 79 1 0 252 79 252 76
123 76 1 0 104 76 104 76
232 76 1 0 202 76 202 76
208 76 1 0 208 76 208 76
188 83 1 0 173 83 243 76
128 76 1 0 130 76 130 76
293 83 1 0 192 76 192 76
103 76 1 0 96 76 96 76
79 76 1 0 77 76 77 76
127 76 1 0 126 76 126 76
171 83 1 0 173 76 173 76
203 76 1 0 166 79 169 76
138 80 1 0 168 78 205 76
168 84 1 0 276 80 278 76
448 125 1 0 321 86 284 79
131 76 1 0 134 76 134 76
161 83 1 0 161 83 187 76
159 76 1 0 162 76 215 80
137 80 1 0 116 80 116 80
135 76 1 0 117 76 117 76
147 83 1 0 147 83 148 79
188 76 1 0 188 76 188 76
152 76 1 0 151 76 151 76
191 97 1 0 135 76 135 76
163 76 1 0 145 76 145 76
164 76 1 0 163 76 163 76
148 79 1 0 160 76 160 76
157 76 1 0 156 76 156 76
102 76 1 0 104 76 104 76
155 80 1 0 209 80 209 80
79 76 1 0 79 76 79 76
185 76 1 0 162 80 198 76
253 76 1 0 150 83 253 76
189 86 1 0 264 86 225 79
146 76 1 0 144 76 144 76
119 76 1 0 117 76 117 76
162 79 1 0 150 79 150 76
476 102 1 0 391 96 222 80
317 110 1 0 412 98 155 76
167 79 1 0 154 79 154 76
142 78 1 0 142 78 142 76
81 76 1 0 77 76 77 76
171 78 1 0 242 78 309 76
181 80 1 0 222 78 322 76
213 79 1 0 213 79 213 79
78 76 1 0 78 76 78 76
149 78 1 0 126 78 155 76
209 80 1 0 119 76 119 76
199 76 1 0 198 76 198 76
261 76 1 0 174 83 155 76
179 80 1 0 131 76 131 76
130 76 1 0 127 76 127 76
122 76 1 0 109 76 109 76
112 76 1 0 122 76 122 76
99 78 1 0 106 76 106 76
170 76 1 0 170 76 170 80
195 86 1 0 194 86 193 79
136 76 1 0 112 76 112 76
192 76 1 0 185 76 185 76
315 79 1 0 315 79 281 76
166 78 1 0 239 85 239 85
222 78 1 0 222 82 237 86
205 79 1 0 180 76 180 76
170 79 1 0 169 79 169 79
198 76 1 0 186 76 187 82
108 76 1 0 105 76 105 76
91 76 1 0 85 76 85 76
118 76 1 0 118 76 118 76
149 80 1 0 141 76 141 76
222 86 1 0 220 76 220 76
186 80 1 0 199 80 198 80
196 76 1 0 193 76 193 76
107 76 1 0 107 76 107 76
167 79 1 0 167 79 118 76
368 76 1 0 361 76 361 76
77 76 1 0 78 76 78 76
93 76 1 0 93 79 76 76
194 76 1 0 156 76 156 76
282 80 1 0 127 76 127 76
135 80 1 0 155 84 142 80
92 76 1 0 81 76 81 76
157 76 1 0 151 76 151 76
130 76 1 0 133 79 135 76
156 76 1 0 151 82 151 82
214 79 1 0 184 79 184 76
146 76 1 0 144 76 144 76
172 76 1 0 166 76 166 76
126 76 1 0 132 76 132 76
205 76 1 0 205 76 205 76
234 80 1 0 214 76 214 76
86 76 1 0 83 76 83 76
111 76 1 0 119 76 119 76
232 82 1 0 231 82 197 79
97 76 1 0 100 76 100 76
147 76 1 0 147 76 147 76
184 76 1 0 172 76 172 76
208 79 1 0 174 79 174 79
201 80 1 0 162 76 162 76
107 76 1 0 107 76 107 76
146 80 1 0 145 80 173 76
114 76 1 0 204 80 129 76
154 79 1 0 153 79 153 79
144 83 1 0 144 76 144 76
259 84 1 0 204 80 204 76
192 76 1 0 169 76 169 76
181 76 1 0 221 76 221 76
285 79 1 0 238 79 238 76
237 76 1 0 198 76 198 76
110 76 1 0 110 76 110 76
194 76 1 0 194 76 194 76
151 76 1 0 178 76 178 76
170 78 1 0 211 105 197 80
211 76 1 0 166 76 166 76
205 86 1 0 144 79 144 79
111 76 1 0 108 76 108 76
178 76 1 0 272 88 178 80
112 76 1 0 132 76 132 76
216 80 1 0 246 88 215 76
217 79 1 0 268 79 268 79
182 86 1 0 182 86 242 76
224 82 1 0 150 76 150 76
339 76 1 0 339 76 339 76
87 76 1 0 85 76 85 76
266 76 1 0 266 79 280 76
106 76 1 0 106 76 106 76
162 78 1 0 119 80 119 80
134 76 1 0 133 76 133 76
169 79 1 0 168 79 168 79
140 79 1 0 139 79 139 79
144 80 1 0 140 76 140 76
129 76 1 0 123 76 123 76
139 76 1 0 139 76 139 76
197 79 1 0 166 79 166 79
194 76 1 0 184 76 184 76
120 76 1 0 97 76 97 76
258 79 1 0 141 76 141 76
118 76 1 0 117 76 117 76
216 78 1 0 130 76 130 76
269 76 1 0 133 76 133 76
90 76 1 0 156 80 93 76
97 76 1 0 118 80 100 76
86 82 1 0 86 80 86 80
202 80 1 0 189 80 189 80
217 76 1 0 216 76 217 82
142 76 1 0 144 76 144 76
154 79 1 0 153 79 149 76
225 76 1 0 207 76 224 80
160 76 1 0 160 76 160 76
87 76 1 0 82 76 82 76
79 76 1 0 77 76 77 76
177 83 1 0 180 76 202 82
86 76 1 0 83 76 83 76
284 79 1 0 262 79 257 76
187 76 1 0 192 79 192 79
181 79 1 0 253 79 253 79
157 76 1 0 122 76 122 76
85 76 1 0 85 76 85 76
125 76 1 0 125 76 125 76
232 76 1 0 188 76 188 76
109 82 1 0 109 82 161 76
86 76 1 0 86 76 86 76
215 79 1 0 245 79 245 79
133 79 1 0 134 79 133 76
92 76 1 0 89 76 89 76
100 80 1 0 91 76 91 76
126 76 1 0 120 76 120 76
94 76 1 0 94 76 94 76
374 80 1 0 363 80 363 80
133 79 1 0 132 79 132 76
175 76 1 0 175 76 175 76
103 76 1 0 103 76 103 76
220 79 1 0 200 80 217 79
132 76 1 0 130 76 130 76
264 76 1 0 220 76 220 76
91 78 1 0 91 80 91 80
192 78 1 0 187 76 187 76
251 84 1 0 251 84 205 80
163 76 1 0 170 76 170 76
133 76 1 0 125 76 125 76
167 76 1 0 113 76 113 76
143 76 1 0 142 76 142 76
529 110 1 0 198 76 198 76
182 80 1 0 181 80 160 76
202 81 1 0 224 80 313 87
143 76 1 0 141 76 141 76
180 76 1 0 157 79 157 79
145 76 1 0 166 76 166 76
208 79 1 0 183 83 188 76
204 76 1 0 225 76 225 76
77 76 1 0 77 76 77 76
135 76 1 0 129 76 129 76
153 76 1 0 147 76 147 76
162 76 1 0 124 76 124 76
114 76 1 0 125 76 125 76
141 76 1 0 141 76 170 80
120 76 1 0 120 76 120 76
189 83 1 0 189 83 208 76
117 79 1 0 104 80 104 76
213 76 1 0 208 76 208 76
207 76 1 0 207 76 207 76
204 80 1 0 204 80 204 80
253 86 1 0 253 86 243 76
299 94 1 0 232 88 296 76
136 76 1 0 140 76 140 76
145 78 1 0 145 80 145 80
168 79 1 0 192 84 150 76
143 76 1 0 136 76 136 76
132 76 1 0 131 76 131 76
110 76 1 0 106 76 106 76
131 79 1 0 131 79 131 76
78 76 1 0 76 76 76 76
171 84 1 0 222 80 161 76
199 80 1 0 199 80 222 76
290 80 1 0 222 80 222 80
130 76 1 0 130 76 130 76
96 76 1 0 91 76 91 76
162 83 1 0 162 83 163 80
139 76 1 0 137 76 137 76
89 76 1 0 88 76 88 76
196 76 1 0 171 76 171 76
196 76 1 0 178 79 180 76
87 76 1 0 92 80 92 80
188 76 1 0 210 76 210 76
178 76 1 0 228 76 228 76
224 79 1 0 212 81 218 79
190 76 1 0 190 76 190 76
245 79 1 0 197 79 188 76
124 79 1 0 118 79 209 80
200 79 1 0 200 76 200 76
209 76 1 0 240 82 240 82
180 76 1 0 188 76 188 76
85 79 1 0 85 79 83 76
235 81 1 0 233 79 248 90
132 80 1 0 135 76 135 76
111 76 1 0 89 76 89 76
199 79 1 0 199 79 199 76
147 76 1 0 147 76 147 76
154 76 1 0 153 76 153 76
97 76 1 0 99 76 99 76
253 83 1 0 253 83 252 76
80 76 1 0 76 76 76 76
206 80 1 0 164 80 167 76
180 80 1 0 142 80 142 80
208 80 1 0 187 81 208 79
146 76 1 0 141 76 141 76
217 100 1 0 304 76 304 76
119 78 1 0 177 76 177 76
261 79 1 0 166 76 166 76
200 82 1 0 201 78 409 80
161 76 1 0 169 76 169 76
221 96 1 0 222 96 257 76
188 79 1 0 188 79 188 76
139 76 1 0 170 76 170 76
150 79 1 0 132 86 125 79
88 76 1 0 76 76 76 76
154 76 1 0 143 76 143 76
226 76 1 0 246 76 246 76
142 80 1 0 159 80 137 76
108 80 1 0 106 80 108 76
126 76 1 0 126 76 126 76
185 76 1 0 185 76 185 76
91 76 1 0 86 76 86 76
211 76 1 0 211 76 211 76
153 78 1 0 152 80 152 80
128 79 1 0 127 79 127 76
280 78 1 0 194 82 187 76
95 80 1 0 95 80 95 80
110 76 1 0 96 80 96 80
156 76 1 0 153 76 153 76
189 76 1 0 176 76 176 76
179 83 1 0 184 76 184 80
136 80 1 0 126 80 126 80
382 90 1 0 283 90 209 76
231 79 1 0 188 79 229 82
93 76 1 0 85 76 85 76
268 94 1 0 190 96 265 79
133 81 1 0 162 80 162 80
246 79 1 0 245 76 245 76
130 76 1 0 128 76 128 76
117 82 1 0 113 80 113 80
196 80 1 0 114 76 114 76
156 76 1 0 108 76 108 76
150 76 1 0 135 76 135 76
421 76 1 0 183 79 183 79
144 76 1 0 142 76 142 76
140 80 1 0 141 80 142 76
487 99 1 0 182 79 182 79
163 76 1 0 202 76 202 76
78 76 1 0 76 76 76 76
206 80 1 0 203 76 203 76
79 76 1 0 79 76 79 76
142 76 1 0 141 76 141 76
89 76 1 0 89 76 89 76
291 76 1 0 298 83 226 76
167 80 1 0 166 83 141 79
112 76 1 0 110 76 110 76
82 76 1 0 78 76 78 76
202 76 1 0 234 76 234 76
188 79 1 0 191 76 191 76
170 76 1 0 130 76 130 76
201 79 1 0 252 79 252 79
215 81 1 0 245 83 218 80
213 76 1 0 213 76 213 76
180 76 1 0 144 76 144 76
134 76 1 0 132 76 132 76
96 80 1 0 92 80 92 76
212 76 1 0 203 76 203 76
197 76 1 0 197 80 197 76
90 76 1 0 86 76 86 76
282 83 1 0 240 80 163 76
187 83 1 0 154 79 153 76
159 76 1 0 159 76 159 76
112 78 1 0 127 78 163 76
209 85 1 0 246 80 246 80
238 79 1 0 229 79 229 79
184 79 1 0 162 79 162 79
309 76 1 0 206 79 209 76
127 76 1 0 127 76 127 76
169 76 1 0 117 76 117 76
99 82 1 0 118 82 118 82
147 79 1 0 140 79 140 76
180 76 1 0 182 76 182 76
155 76 1 0 123 76 123 76
122 76 1 0 117 76 117 76
95 76 1 0 95 76 95 76
105 78 1 0 107 78 131 76
206 76 1 0 206 76 206 76
144 76 1 0 195 76 195 76
106 80 1 0 88 76 88 76
94 76 1 0 92 76 92 76
172 80 1 0 204 80 204 80
158 76 1 0 163 76 163 76
90 76 1 0 89 76 89 76
186 76 1 0 186 76 186 76
124 76 1 0 123 76 123 76
167 83 1 0 162 83 162 83
78 76 1 0 77 76 77 76
154 76 1 0 162 76 162 76
134 76 1 0 134 76 134 76
180 76 1 0 180 76 180 76
146 76 1 0 138 76 138 76
158 78 1 0 116 78 139 76
130 76 1 0 119 76 119 76
121 78 1 0 175 78 215 76
179 76 1 0 155 76 155 76
110 80 1 0 110 80 114 76
79 76 1 0 79 76 79 76
432 79 1 0 266 76 266 76
127 76 1 0 125 76 125 76
153 76 1 0 171 76 171 76
158 83 1 0 158 83 158 83
86 76 1 0 86 76 86 76
178 80 1 0 237 80 205 76
188 79 1 0 156 79 188 76
127 88 1 0 91 80 91 80
131 78 1 0 146 78 365 76
200 76 1 0 229 82 229 82
181 79 1 0 194 76 194 76
175 80 1 0 218 84 178 79
79 76 1 0 76 76 91 80
225 76 1 0 202 76 202 76
164 79 1 0 163 79 163 79
176 83 1 0 166 83 184 80
194 76 1 0 157 79 167 76
135 79 1 0 134 79 134 79
91 76 1 0 86 76 86 76
218 80 1 0 232 80 178 76
99 76 1 0 84 76 84 76
186 76 1 0 192 76 192 76
138 76 1 0 138 76 138 76
238 76 1 0 237 79 237 76
168 80 1 0 152 80 175 76
129 76 1 0 116 76 116 76
369 82 1 0 369 82 369 82
85 76 1 0 77 76 77 76
81 76 1 0 81 76 81 76
254 76 1 0 254 76 254 76
195 80 1 0 196 87 315 80
239 80 1 0 231 80 231 80
191 76 1 0 191 76 191 76
149 80 1 0 149 76 242 80
186 79 1 0 185 79 187 76
168 76 1 0 115 80 108 76
155 76 1 0 163 76 163 76
148 76 1 0 148 76 145 80
215 87 1 0 215 87 248 80
121 76 1 0 145 76 145 76
174 79 1 0 183 79 183 79
136 76 1 0 132 80 137 76
173 80 1 0 173 80 143 79
360 76 1 0 170 76 242 80
172 79 1 0 172 76 172 76
158 76 1 0 141 79 158 76
114 76 1 0 111 76 111 76
81 76 1 0 77 76 77 76
153 76 1 0 178 76 178 76
139 76 1 0 139 76 139 76
121 76 1 0 104 76 104 76
195 79 1 0 192 79 192 79
212 76 1 0 210 76 210 76
100 78 1 0 122 80 122 80
82 76 1 0 82 76 82 76
183 79 1 0 151 79 151 76
208 76 1 0 196 76 195 82
106 76 1 0 98 76 98 76
177 80 1 0 206 78 308 76
145 76 1 0 180 76 180 76
173 76 1 0 187 76 187 76
150 79 1 0 100 76 100 76
156 80 1 0 313 85 313 85
133 76 1 0 110 76 110 76
98 76 1 0 88 76 88 76
178 76 1 0 159 76 159 76
192 79 1 0 192 79 207 76
161 76 1 0 161 76 161 76
270 76 1 0 269 84 255 76
275 76 1 0 282 76 282 76
151 76 1 0 121 76 121 76
228 76 1 0 227 76 227 76
96 76 1 0 96 76 96 76
125 76 1 0 125 76 136 82
128 79 1 0 100 76 100 76
119 76 1 0 118 76 118 76
169 78 1 0 143 80 143 80
124 76 1 0 142 76 142 76
185 79 1 0 236 79 236 79
146 76 1 0 145 76 146 80
204 79 1 0 203 79 203 79
134 76 1 0 134 76 134 76
161 76 1 0 144 79 120 76
206 76 1 0 206 76 206 76
101 78 1 0 110 80 110 80
159 76 1 0 156 76 156 76
158 80 1 0 210 82 281 82
144 76 1 0 161 76 161 76
192 79 1 0 179 79 179 79
214 76 1 0 157 76 157 76
91 76 1 0 89 76 89 76
245 80 1 0 223 80 245 76
219 80 1 0 172 80 235 76
134 76 1 0 133 76 133 76
142 79 1 0 126 79 126 79
160 76 1 0 130 76 130 76
190 82 1 0 175 82 175 82
149 76 1 0 148 76 148 76
209 80 1 0 175 82 175 82
181 82 1 0 181 79 192 82
233 76 1 0 216 76 216 76
340 107 1 0 197 79 304 76
224 81 1 0 159 81 299 79
119 76 1 0 116 76 116 76
130 76 1 0 130 76 130 76
166 79 1 0 184 76 184 76
281 85 1 0 159 79 159 76
130 76 1 0 147 76 166 80
198 76 1 0 197 76 197 76
108 80 1 0 102 76 102 76
177 79 1 0 175 79 175 79
163 80 1 0 159 79 159 76
137 76 1 0 136 76 136 76
184 83 1 0 265 79 266 76
131 79 1 0 147 79 137 76
160 79 1 0 174 79 174 79
221 79 1 0 221 79 220 76
175 80 1 0 141 76 141 76
151 79 1 0 145 79 196 76
99 76 1 0 97 76 97 76
286 114 1 0 297 92 239 79
126 76 1 0 126 76 126 76
196 79 1 0 204 79 204 76
229 84 1 0 240 80 240 80
215 80 1 0 216 80 216 80
100 76 1 0 101 76 101 76
259 79 1 0 259 79 162 76
141 76 1 0 137 76 137 76
181 80 1 0 198 80 181 76
116 78 1 0 134 80 134 80
185 83 1 0 217 83 217 76
176 79 1 0 131 79 131 79
119 76 1 0 159 76 159 76
106 76 1 0 85 76 85 76
165 76 1 0 153 76 153 76
108 76 1 0 92 76 92 76
193 76 1 0 195 76 195 76
231 80 1 0 196 80 316 80
89 76 1 0 84 76 84 76
141 80 1 0 160 78 191 76
162 76 1 0 161 76 161 76
196 80 1 0 141 80 140 76
142 83 1 0 159 83 147 76
148 76 1 0 150 76 150 76
168 76 1 0 236 98 166 76
105 76 1 0 99 76 99 76
155 79 1 0 126 79 126 76
187 86 1 0 276 97 214 79
132 76 1 0 130 76 130 76
106 76 1 0 101 76 101 76
178 76 1 0 182 76 182 76
125 76 1 0 107 76 107 76
139 80 1 0 138 80 138 80
220 80 1 0 201 80 220 76
156 81 1 0 147 79 146 76
100 82 1 0 97 76 97 76
130 80 1 0 130 76 130 76
124 76 1 0 124 76 124 76
176 76 1 0 182 76 182 76
107 76 1 0 107 76 107 76
223 78 1 0 223 81 275 76
199 80 1 0 199 80 198 76
196 80 1 0 196 85 197 79
174 79 1 0 140 76 140 76
100 80 1 0 98 80 98 80
218 81 1 0 267 82 192 84
116 80 1 0 102 76 102 76
315 102 1 0 246 82 246 82
176 76 1 0 178 76 179 82
135 80 1 0 162 78 180 79
221 76 1 0 257 76 257 76
158 76 1 0 156 76 156 76
166 81 1 0 133 80 133 80
151 76 1 0 166 76 166 76
120 79 1 0 138 79 138 79
154 81 1 0 185 82 156 76
225 80 1 0 124 76 199 80
104 76 1 0 94 76 94 76
92 76 1 0 92 76 92 76
189 80 1 0 192 89 336 86
135 76 1 0 134 76 134 76
122 78 1 0 147 82 147 84
148 79 1 0 156 79 156 79
108 76 1 0 108 76 100 80
115 76 1 0 115 76 115 76
118 76 1 0 116 76 116 76
263 83 1 0 266 80 263 76
329 81 1 0 288 81 297 76
149 86 1 0 146 83 168 76
88 76 1 0 88 76 88 76
267 80 1 0 266 80 266 76
190 79 1 0 174 76 174 76
142 76 1 0 123 76 123 76
279 81 1 0 223 83 201 79
196 80 1 0 214 82 214 82
199 79 1 0 199 79 199 79
98 79 1 0 94 76 94 76
251 76 1 0 239 76 239 76
194 76 1 0 164 76 164 76
242 79 1 0 217 79 217 79
129 76 1 0 123 76 123 76
176 76 1 0 132 76 132 76
91 76 1 0 79 76 79 76
156 80 1 0 168 80 162 76
136 76 1 0 136 76 136 76
135 76 1 0 137 76 137 76
200 80 1 0 190 83 194 79
260 88 1 0 320 94 189 76
213 79 1 0 205 79 213 76
121 76 1 0 121 76 121 76
146 78 1 0 255 96 225 76
85 76 1 0 85 76 85 76
229 80 1 0 229 80 229 80
140 80 1 0 137 76 139 80
147 80 1 0 147 80 157 76
154 76 1 0 153 76 153 76
265 82 1 0 177 76 177 76
176 76 1 0 176 76 176 76
178 76 1 0 178 76 178 76
239 86 1 0 182 79 182 79
142 80 1 0 140 80 140 80
162 76 1 0 211 79 209 76
155 79 1 0 155 79 155 76
173 79 1 0 173 79 173 76
441 84 1 0 214 79 214 79
147 80 1 0 119 76 119 76
201 76 1 0 201 76 201 76
255 76 1 0 168 76 168 76
100 76 1 0 93 76 93 76
240 83 1 0 304 76 304 76
265 80 1 0 115 76 115 76
163 76 1 0 154 76 154 76
207 80 1 0 429 81 413 79
138 78 1 0 139 80 139 80
189 81 1 0 208 79 206 76
177 76 1 0 175 76 175 76
99 78 1 0 99 78 116 76
89 76 1 0 90 76 90 76
163 76 1 0 146 76 146 76
141 76 1 0 143 76 143 76
84 76 1 0 84 76 84 76
277 100 1 0 272 83 272 79
143 76 1 0 143 76 143 76
117 76 1 0 123 76 123 76
82 76 1 0 82 76 82 76
88 76 1 0 87 76 87 76
176 76 1 0 162 76 162 76
165 79 1 0 147 79 147 79
176 79 1 0 176 79 176 79
208 80 1 0 262 76 262 76
122 76 1 0 110 76 110 76
339 80 1 0 254 83 315 76
149 86 1 0 139 86 158 79
233 76 1 0 304 76 304 76
80 76 1 0 83 76 83 76
170 88 1 0 158 85 200 76
138 76 1 0 139 76 139 76
88 76 1 0 86 76 86 76
113 76 1 0 103 76 103 76
220 76 1 0 231 76 231 76
161 80 1 0 223 80 191 76
284 76 1 0 283 76 283 76
112 76 1 0 112 76 112 76
169 79 1 0 171 79 171 76
121 76 1 0 194 76 194 76
138 80 1 0 139 76 139 76
163 76 1 0 154 76 154 76
130 81 1 0 142 81 177 79
235 79 1 0 174 79 235 76
169 76 1 0 136 76 136 76
174 83 1 0 258 79 174 80
209 80 1 0 208 80 158 76
186 79 1 0 185 79 185 79
80 76 1 0 79 76 86 80
190 76 1 0 187 76 187 76
119 76 1 0 121 76 121 76
142 76 1 0 131 76 131 76
103 76 1 0 80 76 80 76
142 76 1 0 141 76 141 76
452 76 1 0 238 79 239 76
154 82 1 0 113 76 113 76
90 76 1 0 90 76 90 76
143 79 1 0 156 79 156 79
138 79 1 0 138 79 138 79
131 76 1 0 131 76 131 76
200 76 1 0 132 76 132 76
187 76 1 0 182 80 139 76
180 76 1 0 150 76 150 76
101 76 1 0 100 76 100 76
98 76 1 0 98 76 98 76
85 76 1 0 83 76 83 76
106 76 1 0 105 76 105 76
83 76 1 0 80 76 80 76
177 76 1 0 196 76 196 76
175 80 1 0 225 76 225 76
175 76 1 0 174 76 174 76
160 76 1 0 146 76 146 76
122 76 1 0 122 76 122 76
171 80 1 0 156 81 243 79
136 76 1 0 116 76 116 76
260 76 1 0 195 79 195 76
165 79 1 0 112 76 112 76
289 89 1 0 262 82 290 76
201 76 1 0 157 76 157 76
113 76 1 0 113 76 113 76
166 79 1 0 186 79 187 76
173 83 1 0 172 83 143 79
163 78 1 0 223 100 181 76
147 76 1 0 157 79 162 76
233 79 1 0 234 79 234 79
197 78 1 0 159 80 270 86
257 79 1 0 257 79 254 76
146 76 1 0 146 76 146 76
131 76 1 0 106 76 106 76
237 76 1 0 238 76 238 79
150 76 1 0 152 76 152 76
92 76 1 0 92 76 92 76
154 79 1 0 153 79 153 76
153 76 1 0 124 76 124 76
248 79 1 0 248 79 248 79
190 79 1 0 175 76 175 76
80 79 1 0 80 76 80 76
252 79 1 0 195 79 177 76
173 76 1 0 178 83 231 76
233 76 1 0 233 76 233 76
189 93 1 0 200 81 203 79
92 76 1 0 92 76 92 76
165 76 1 0 132 76 132 76
153 78 1 0 175 78 206 76
154 76 1 0 123 76 123 76
161 76 1 0 161 76 161 76
150 79 1 0 165 79 165 79
154 76 1 0 153 76 153 76
253 78 1 0 177 78 440 79
326 76 1 0 281 83 190 79
198 79 1 0 161 79 161 79
110 76 1 0 111 76 111 76
150 79 1 0 140 76 140 76
148 80 1 0 148 80 148 80
152 78 1 0 153 84 122 76
197 78 1 0 239 78 157 79
137 79 1 0 123 79 123 76
242 79 1 0 226 79 226 79
89 78 1 0 86 76 86 76
277 76 1 0 194 76 194 76
123 80 1 0 123 80 89 76
126 78 1 0 116 82 116 82
127 76 1 0 127 76 127 76
235 83 1 0 214 83 235 76
328 102 1 0 256 76 256 76
115 76 1 0 102 76 102 76
212 79 1 0 209 79 209 79
173 76 1 0 165 76 165 76
164 76 1 0 166 79 166 79
132 80 1 0 132 80 132 80
170 76 1 0 179 76 179 76
104 76 1 0 87 76 87 76
83 76 1 0 83 76 83 76
124 76 1 0 123 76 123 76
232 84 1 0 227 83 216 79
246 79 1 0 241 79 246 76
135 79 1 0 144 79 135 76
239 76 1 0 236 83 236 79
220 79 1 0 149 80 220 76
77 76 1 0 77 76 77 76
376 83 1 0 352 83 187 76
117 76 1 0 107 76 107 76
268 90 1 0 131 76 131 76
189 76 1 0 301 76 301 76
131 76 1 0 132 76 132 76
77 76 1 0 77 76 77 76
132 76 1 0 132 76 132 76
96 78 1 0 121 78 138 76
86 76 1 0 88 76 88 76
88 78 1 0 88 78 94 76
161 76 1 0 201 79 175 76
78 76 1 0 78 76 94 80
208 80 1 0 168 76 168 76
182 76 1 0 128 76 128 76
123 76 1 0 99 76 99 76
187 79 1 0 163 79 163 79
134 76 1 0 132 76 132 76
334 76 1 0 238 76 238 76
93 76 1 0 83 76 83 76
86 76 1 0 77 76 77 76
199 79 1 0 198 79 201 76
228 79 1 0 160 76 160 76
157 76 1 0 163 76 163 76
126 83 1 0 111 83 111 83
142 79 1 0 180 79 143 76
188 87 1 0 188 92 221 80
126 76 1 0 125 76 125 76
190 76 1 0 176 76 176 76
104 76 1 0 106 76 106 76
78 76 1 0 78 76 78 76
142 84 1 0 101 76 101 76
130 78 1 0 182 80 182 80
227 79 1 0 227 83 227 76
123 78 1 0 124 78 199 76
125 80 1 0 93 80 91 76
255 76 1 0 158 76 158 76
128 78 1 0 193 78 213 76
191 76 1 0 165 76 165 76
180 80 1 0 116 76 116 76
184 84 1 0 189 80 189 80
150 81 1 0 203 80 203 80
216 76 1 0 226 76 226 76
329 80 1 0 288 82 238 76
241 90 1 0 193 76 193 76
182 76 1 0 168 76 168 76
154 76 1 0 178 76 178 76
152 76 1 0 122 76 122 76
418 98 1 0 276 80 276 80
138 76 1 0 145 79 143 76
185 76 1 0 146 80 146 76
87 76 1 0 91 76 91 76
166 79 1 0 166 79 166 76
148 76 1 0 148 76 148 76
157 76 1 0 157 76 157 76
208 76 1 0 207 76 207 76
277 99 1 0 193 79 193 79
235 79 1 0 162 79 162 79
201 83 1 0 217 76 217 76
172 76 1 0 176 79 176 76
245 79 1 0 247 80 290 76
205 78 1 0 205 78 202 76
181 79 1 0 181 76 181 76
107 76 1 0 107 76 107 76
222 80 1 0 244 76 244 76
117 76 1 0 117 76 117 76
101 80 1 0 95 78 125 76
175 76 1 0 173 76 173 76
191 81 1 0 150 80 150 80
227 76 1 0 227 76 227 76
170 80 1 0 166 80 166 80
137 79 1 0 154 79 155 76
130 76 1 0 123 76 123 76
105 76 1 0 103 76 103 76
105 76 1 0 124 76 114 80
138 76 1 0 150 76 150 76
213 79 1 0 148 79 148 76
96 76 1 0 93 76 93 76
192 76 1 0 183 76 183 76
162 76 1 0 186 76 186 76
243 80 1 0 181 79 195 76
252 80 1 0 217 80 217 80
142 76 1 0 141 76 141 76
138 80 1 0 141 76 141 76
143 80 1 0 136 80 136 76
197 78 1 0 171 80 171 80
93 76 1 0 91 76 91 76
181 83 1 0 181 83 178 76
86 76 1 0 83 76 83 76
161 76 1 0 156 76 156 76
178 79 1 0 178 79 162 76
175 76 1 0 144 76 144 76
207 83 1 0 206 76 206 76
78 76 1 0 77 76 77 76
124 76 1 0 131 76 131 76
353 90 1 0 352 90 220 76
127 78 1 0 125 80 125 80
234 82 1 0 209 82 209 82
231 80 1 0 223 80 223 80
261 79 1 0 226 79 228 76
227 84 1 0 157 76 244 80
208 79 1 0 211 76 211 76
96 76 1 0 85 76 85 76
185 83 1 0 181 83 184 79
265 76 1 0 264 76 264 76
126 76 1 0 124 76 124 76
198 85 1 0 195 76 195 76
204 79 1 0 216 79 216 79
123 76 1 0 123 76 132 80
229 80 1 0 154 80 247 76
106 76 1 0 131 76 131 76
205 80 1 0 205 80 174 76
139 76 1 0 143 76 143 76
136 78 1 0 135 80 135 80
170 78 1 0 317 87 317 87
169 79 1 0 177 79 177 76
377 79 1 0 227 81 336 76
187 82 1 0 171 80 171 80
168 76 1 0 135 76 135 76
112 76 1 0 89 76 89 76
84 76 1 0 84 76 84 76
90 76 1 0 81 76 81 76
250 82 1 0 250 82 246 76
78 76 1 0 78 76 78 76
117 76 1 0 124 76 124 76
172 76 1 0 171 76 171 76
175 76 1 0 152 76 152 76
277 79 1 0 274 79 274 79
144 80 1 0 144 76 144 76
112 76 1 0 115 76 115 76
220 79 1 0 168 76 168 76
207 79 1 0 207 76 207 76
233 90 1 0 184 90 237 76
193 80 1 0 201 80 201 84
234 79 1 0 233 79 233 79
96 76 1 0 94 76 94 76
130 76 1 0 130 76 130 76
88 78 1 0 112 81 143 76
169 76 1 0 153 76 153 76
86 76 1 0 86 76 86 76
154 76 1 0 159 76 159 76
151 86 1 0 150 86 160 76
167 79 1 0 166 79 161 76
97 76 1 0 96 76 96 76
262 82 1 0 128 79 128 76
109 76 1 0 109 76 109 76
221 80 1 0 192 87 220 76
186 79 1 0 199 79 199 79
196 76 1 0 196 76 196 76
119 76 1 0 108 76 108 76
106 76 1 0 114 79 148 80
199 80 1 0 199 80 199 76
385 103 1 0 246 80 246 80
81 76 1 0 81 76 81 76
195 82 1 0 174 82 174 82
338 76 1 0 146 76 146 76
243 80 1 0 184 82 210 80
104 76 1 0 96 76 108 80
135 76 1 0 135 76 135 76
229 76 1 0 229 76 229 76
241 93 1 0 222 76 233 80
169 76 1 0 173 80 166 76
171 83 1 0 172 86 174 79
182 76 1 0 181 76 181 76
156 76 1 0 156 76 156 76
207 78 1 0 188 80 188 80
154 76 1 0 156 76 156 76
218 88 1 0 191 92 276 76
193 80 1 0 115 76 197 80
133 80 1 0 203 90 135 76
163 76 1 0 163 76 163 76
106 82 1 0 129 84 128 80
213 76 1 0 227 76 227 76
125 76 1 0 141 76 141 76
104 78 1 0 93 76 93 76
177 76 1 0 189 76 189 76
450 88 1 0 249 76 308 88
161 78 1 0 161 78 181 76
85 78 1 0 85 80 85 80
153 82 1 0 153 82 153 82
114 76 1 0 93 76 93 76
253 80 1 0 188 80 155 84
226 79 1 0 239 105 244 79
167 76 1 0 201 76 201 76
170 79 1 0 170 83 165 76
102 79 1 0 101 79 101 79
181 81 1 0 157 79 157 79
337 76 1 0 287 78 238 76
93 78 1 0 101 84 101 84
151 76 1 0 151 76 151 76
105 76 1 0 111 76 111 76
137 79 1 0 130 83 135 79
166 79 1 0 149 79 149 79
183 80 1 0 127 76 127 76
152 76 1 0 119 76 119 76
170 78 1 0 169 78 213 76
125 76 1 0 125 76 125 76
166 76 1 0 164 76 164 76
128 76 1 0 134 76 134 76
140 79 1 0 127 76 127 76
222 76 1 0 221 76 221 76
176 76 1 0 176 76 176 76
394 79 1 0 155 76 155 76
109 76 1 0 94 76 94 76
101 76 1 0 97 76 97 76
194 90 1 0 230 76 164 82
91 76 1 0 93 76 93 76
89 82 1 0 77 76 77 76
85 76 1 0 78 76 78 76
114 76 1 0 108 76 108 76
277 79 1 0 183 79 183 79
359 76 1 0 354 76 354 76
274 76 1 0 292 76 292 76
81 76 1 0 78 76 78 76
205 76 1 0 207 83 206 76
128 76 1 0 128 76 128 76
311 86 1 0 220 76 220 76
155 76 1 0 140 76 140 76
105 76 1 0 89 76 89 76
140 76 1 0 105 76 105 76
165 76 1 0 107 76 107 76
204 76 1 0 170 76 170 76
151 76 1 0 124 76 124 76
189 83 1 0 183 83 200 79
150 79 1 0 149 79 150 76
93 76 1 0 93 76 93 76
104 76 1 0 104 76 104 76
162 76 1 0 135 76 135 76
122 76 1 0 121 76 121 76
134 76 1 0 134 76 134 76
117 76 1 0 117 76 117 76
155 76 1 0 177 76 177 76
153 76 1 0 98 76 98 76
100 82 1 0 86 76 98 83
135 76 1 0 101 76 101 76
126 76 1 0 134 76 134 76
137 84 1 0 137 84 124 80
229 88 1 0 286 79 286 79
125 76 1 0 135 80 110 76
110 80 1 0 110 80 110 80
237 82 1 0 237 82 383 85
183 79 1 0 241 79 241 79
95 76 1 0 95 76 95 76
85 76 1 0 85 76 85 76
118 80 1 0 118 80 122 76
229 79 1 0 166 79 166 79
87 80 1 0 79 76 79 76
80 76 1 0 85 76 85 76
count: 996
DIJ: 77810 159898
DSTARLITE: 78202 168504
DSTARLITELABEL: 0 996
ASTAR: 76706 184065
RUNTIME: 21818 4256 0 184065
144 79 1 0 144 79 144 79
228 98 1 0 219 80 219 80
188 90 1 0 339 97 450 81
142 79 1 0 157 79 157 79
152 79 1 0 144 79 144 79
217 85 1 0 274 83 275 85
124 81 1 0 193 82 193 82
112 79 1 0 120 85 120 85
266 80 1 0 289 79 289 79
156 79 1 0 120 79 120 79
392 104 1 0 318 90 222 84
138 80 1 0 99 80 99 80
127 83 1 0 113 83 186 85
146 80 1 0 146 80 146 80
128 76 1 0 128 76 128 76
227 81 1 0 172 83 172 85
213 76 1 0 213 76 213 76
101 83 1 0 97 76 97 76
297 81 1 0 211 83 212 79
162 81 1 0 232 90 232 90
260 102 1 0 232 102 258 86
258 76 1 0 178 82 178 82
90 76 1 0 83 79 83 79
246 94 1 0 331 94 240 81
217 76 1 0 217 76 217 76
178 86 1 0 186 80 186 76
188 76 1 0 177 76 177 76
111 76 1 0 177 90 227 76
184 80 1 0 182 80 182 80
163 85 1 0 259 81 259 81
143 76 1 0 141 76 141 76
220 81 1 0 202 83 202 83
183 80 1 0 232 80 232 80
164 84 1 0 152 82 291 84
111 80 1 0 116 80 118 76
98 76 1 0 97 76 97 76
159 76 1 0 131 76 131 76
338 100 1 0 207 80 207 80
161 80 1 0 152 76 152 76
197 81 1 0 177 81 223 84
124 76 1 0 124 76 124 76
92 76 1 0 92 76 92 76
198 90 1 0 198 90 209 79
232 80 1 0 208 80 208 80
341 80 1 0 197 79 197 79
121 81 1 0 121 76 121 76
222 97 1 0 131 81 131 81
238 89 1 0 94 79 94 79
131 79 1 0 129 79 129 79
232 79 1 0 300 79 300 79
329 86 1 0 217 84 217 84
267 90 1 0 151 88 312 86
169 76 1 0 148 76 148 76
230 79 1 0 235 79 235 79
167 76 1 0 168 80 162 79
158 90 1 0 140 90 160 82
134 76 1 0 133 76 133 76
152 80 1 0 144 76 149 80
423 101 1 0 354 124 273 76
159 79 1 0 159 79 159 79
185 78 1 0 197 86 202 82
135 76 1 0 114 76 145 82
185 79 1 0 354 109 185 79
200 96 1 0 281 102 229 80
231 90 1 0 270 94 230 81
87 76 1 0 85 76 85 76
318 91 1 0 245 85 245 85
139 88 1 0 138 88 214 80
235 97 1 0 226 101 240 79
98 76 1 0 112 78 135 76
130 81 1 0 107 81 130 79
138 76 1 0 127 76 127 76
162 80 1 0 170 76 170 76
189 79 1 0 296 79 369 80
221 76 1 0 282 79 314 76
456 108 1 0 194 86 194 86
167 76 1 0 244 82 324 80
177 83 1 0 151 76 153 80
200 81 1 0 304 80 304 80
375 94 1 0 217 88 364 81
151 79 1 0 150 79 150 79
210 80 1 0 192 86 192 86
229 82 1 0 227 86 227 86
133 76 1 0 132 76 132 76
156 79 1 0 181 81 181 81
97 76 1 0 95 76 95 76
142 79 1 0 142 79 142 79
262 79 1 0 263 79 263 79
194 80 1 0 156 76 156 76
349 85 1 0 350 83 350 83
342 83 1 0 315 81 292 80
252 81 1 0 148 76 148 76
181 86 1 0 175 86 181 82
250 104 1 0 204 79 204 79
146 80 1 0 126 86 126 86
108 76 1 0 112 76 112 76
106 81 1 0 117 81 180 83
312 103 1 0 316 110 237 89
229 98 1 0 145 79 145 79
126 87 1 0 110 79 110 79
313 81 1 0 200 88 186 79
303 80 1 0 247 80 247 80
169 93 1 0 168 93 376 84
267 92 1 0 266 79 266 79
111 80 1 0 107 79 107 79
177 79 1 0 326 85 326 85
378 107 1 0 279 103 329 80
128 79 1 0 171 79 171 79
220 85 1 0 205 80 220 76
136 79 1 0 118 79 118 79
101 80 1 0 100 80 100 80
179 87 1 0 248 109 563 80
100 80 1 0 86 80 86 79
183 86 1 0 154 76 155 79
289 81 1 0 288 86 288 86
211 81 1 0 279 80 279 80
204 90 1 0 304 99 337 79
539 98 1 0 201 93 377 80
113 76 1 0 121 76 121 76
227 79 1 0 193 80 193 80
115 79 1 0 115 79 115 79
113 85 1 0 97 80 113 89
193 88 1 0 193 88 303 79
196 76 1 0 187 76 187 76
223 99 1 0 207 103 221 84
214 76 1 0 117 79 117 79
143 88 1 0 143 90 440 80
323 93 1 0 218 93 135 76
197 90 1 0 146 93 172 79
510 123 1 0 268 104 277 85
104 76 1 0 104 76 104 76
183 81 1 0 142 76 169 85
275 98 1 0 157 90 275 80
162 80 1 0 132 84 132 80
166 76 1 0 284 80 133 76
252 79 1 0 257 79 257 79
242 83 1 0 239 76 239 76
238 80 1 0 144 76 281 84
117 81 1 0 113 81 113 81
183 100 1 0 179 76 179 76
158 88 1 0 168 97 158 80
97 76 1 0 102 80 89 79
163 80 1 0 124 76 124 76
96 79 1 0 128 79 128 79
112 79 1 0 112 79 112 79
142 76 1 0 140 76 140 76
89 76 1 0 87 76 87 76
204 101 1 0 190 96 190 79
239 76 1 0 321 109 442 86
312 90 1 0 138 90 150 79
156 84 1 0 213 80 213 80
158 76 1 0 158 76 158 76
86 76 1 0 86 76 86 76
150 79 1 0 150 79 150 79
161 81 1 0 150 76 118 79
82 76 1 0 82 76 82 76
132 80 1 0 127 80 127 80
227 85 1 0 155 76 185 79
401 83 1 0 401 83 328 83
98 80 1 0 98 80 98 80
365 101 1 0 146 88 328 80
371 84 1 0 515 110 461 84
212 99 1 0 162 80 162 80
115 80 1 0 110 79 110 79
237 98 1 0 212 79 212 79
161 76 1 0 368 80 368 80
147 76 1 0 168 76 168 76
123 78 1 0 130 82 130 82
206 91 1 0 255 92 235 79
347 91 1 0 257 84 257 84
155 76 1 0 242 85 242 85
116 79 1 0 172 81 172 81
197 81 1 0 237 76 237 76
166 79 1 0 167 79 167 79
249 84 1 0 232 79 232 79
242 98 1 0 459 102 459 84
158 84 1 0 143 84 179 88
263 84 1 0 201 80 201 80
255 79 1 0 235 85 235 85
147 83 1 0 161 87 161 87
179 79 1 0 227 99 248 80
183 88 1 0 183 88 181 79
210 90 1 0 298 80 298 80
318 82 1 0 302 82 302 82
185 90 1 0 185 90 263 85
255 99 1 0 224 99 218 79
313 84 1 0 312 84 312 80
147 79 1 0 148 76 148 76
327 105 1 0 269 103 270 82
207 102 1 0 223 83 223 83
179 76 1 0 172 82 172 82
88 76 1 0 95 76 95 76
200 85 1 0 154 79 154 79
198 79 1 0 194 79 194 79
87 76 1 0 87 76 87 76
312 87 1 0 152 95 242 85
87 79 1 0 88 79 88 79
131 76 1 0 154 76 154 76
184 85 1 0 256 85 256 85
153 79 1 0 153 79 153 79
214 76 1 0 270 80 270 80
143 79 1 0 137 79 137 79
202 96 1 0 225 79 225 79
172 79 1 0 172 79 172 79
112 76 1 0 125 80 125 80
211 100 1 0 318 102 247 76
124 80 1 0 124 80 124 80
210 82 1 0 222 81 203 76
158 81 1 0 227 81 227 81
119 76 1 0 80 76 80 76
234 79 1 0 216 90 280 79
221 92 1 0 178 81 153 85
88 79 1 0 84 76 84 76
124 78 1 0 124 80 124 80
189 88 1 0 134 76 134 76
248 84 1 0 269 82 269 82
154 76 1 0 154 76 154 76
203 83 1 0 306 80 306 80
154 85 1 0 114 79 114 79
162 88 1 0 207 80 207 80
151 76 1 0 120 76 170 79
318 97 1 0 230 88 312 85
321 107 1 0 206 93 203 81
160 76 1 0 262 79 262 79
307 85 1 0 168 80 168 80
250 86 1 0 232 80 432 85
253 84 1 0 252 84 252 84
240 95 1 0 225 80 225 80
161 79 1 0 167 85 167 85
221 85 1 0 152 76 152 76
504 95 1 0 504 95 504 91
181 80 1 0 179 80 264 81
186 79 1 0 286 80 286 80
215 81 1 0 180 82 180 82
131 76 1 0 151 76 151 76
219 101 1 0 257 79 257 79
165 85 1 0 211 85 211 85
193 76 1 0 205 80 205 80
339 109 1 0 132 80 132 80
129 76 1 0 125 76 125 76
276 90 1 0 275 92 223 76
92 76 1 0 89 76 89 76
137 79 1 0 120 80 129 82
107 80 1 0 122 79 261 84
153 97 1 0 148 88 253 80
296 88 1 0 296 90 247 85
210 90 1 0 184 88 217 76
242 86 1 0 243 86 236 92
137 79 1 0 137 79 137 79
184 90 1 0 142 88 147 76
167 88 1 0 195 76 132 82
150 79 1 0 148 79 148 79
84 82 1 0 86 79 86 79
179 79 1 0 178 79 178 79
155 76 1 0 153 76 153 76
178 90 1 0 179 92 296 79
129 76 1 0 110 79 110 79
110 76 1 0 109 76 109 76
129 76 1 0 117 76 117 76
100 79 1 0 114 76 114 76
113 76 1 0 113 76 113 76
221 83 1 0 266 83 266 83
191 80 1 0 187 76 187 76
496 99 1 0 167 81 167 81
176 79 1 0 309 86 175 81
147 81 1 0 136 79 136 79
88 78 1 0 88 76 81 80
157 80 1 0 94 78 186 80
99 79 1 0 89 76 89 76
98 76 1 0 99 78 98 76
202 81 1 0 144 81 144 81
143 87 1 0 107 79 107 79
77 76 1 0 77 76 77 76
96 76 1 0 80 76 80 76
274 91 1 0 130 78 204 80
177 79 1 0 218 80 189 79
122 76 1 0 122 79 122 79
85 76 1 0 79 76 79 76
181 88 1 0 181 88 195 80
86 76 1 0 86 76 86 76
279 80 1 0 188 76 188 76
288 82 1 0 327 86 327 86
168 79 1 0 155 79 155 79
244 85 1 0 246 80 246 80
232 79 1 0 171 79 212 85
218 79 1 0 240 80 240 80
102 79 1 0 102 79 102 79
208 79 1 0 194 79 194 79
185 79 1 0 195 80 195 80
127 80 1 0 94 76 95 80
220 87 1 0 217 105 256 79
211 76 1 0 159 80 159 80
130 79 1 0 129 79 129 79
182 79 1 0 185 85 208 80
164 80 1 0 163 80 163 80
266 81 1 0 228 83 267 79
141 79 1 0 120 79 125 76
193 78 1 0 297 100 251 80
99 76 1 0 98 76 98 76
183 76 1 0 317 80 317 80
273 84 1 0 204 84 201 80
206 76 1 0 152 79 152 79
186 79 1 0 185 79 185 79
216 79 1 0 202 79 202 79
103 76 1 0 84 76 84 76
116 80 1 0 116 80 116 80
241 81 1 0 250 80 250 80
325 80 1 0 309 80 309 80
246 85 1 0 245 85 245 85
153 79 1 0 187 85 187 81
213 86 1 0 136 76 136 76
122 80 1 0 118 80 118 80
202 80 1 0 235 80 235 80
189 79 1 0 134 79 134 79
133 76 1 0 133 76 133 76
120 76 1 0 103 76 103 76
115 76 1 0 81 76 81 76
176 79 1 0 175 79 175 79
191 80 1 0 221 80 221 80
121 76 1 0 117 76 117 76
79 76 1 0 79 76 79 76
141 79 1 0 123 83 123 83
218 86 1 0 198 79 198 79
281 81 1 0 278 85 278 85
128 76 1 0 145 76 145 76
398 87 1 0 221 81 221 81
265 80 1 0 350 80 350 80
196 81 1 0 196 81 196 81
215 84 1 0 264 81 264 81
216 80 1 0 209 88 188 76
462 132 1 0 250 100 154 80
179 76 1 0 177 76 177 76
178 80 1 0 184 80 180 76
192 80 1 0 192 80 192 80
88 76 1 0 105 76 105 76
303 79 1 0 368 86 345 96
86 83 1 0 86 81 104 86
185 90 1 0 172 90 301 82
161 79 1 0 158 79 158 79
115 76 1 0 124 76 124 76
303 79 1 0 242 79 242 79
140 82 1 0 143 82 168 84
399 98 1 0 278 85 371 91
109 76 1 0 121 76 121 76
135 79 1 0 186 81 186 81
134 79 1 0 133 79 133 79
284 81 1 0 254 85 254 85
87 76 1 0 84 76 86 79
160 79 1 0 160 76 160 76
176 79 1 0 177 79 177 79
290 81 1 0 251 81 251 81
161 88 1 0 132 88 140 76
155 92 1 0 128 80 128 80
176 81 1 0 203 90 177 81
240 76 1 0 171 76 171 76
229 79 1 0 285 82 285 82
190 80 1 0 114 76 114 76
266 81 1 0 264 81 264 81
89 80 1 0 82 78 90 82
204 79 1 0 241 97 205 79
174 79 1 0 305 79 305 79
174 79 1 0 182 79 182 79
91 76 1 0 91 76 91 76
201 79 1 0 158 79 169 76
139 79 1 0 157 79 157 79
264 86 1 0 263 86 228 83
140 88 1 0 139 88 164 80
240 86 1 0 192 87 231 83
237 101 1 0 209 84 344 80
173 79 1 0 176 80 176 80
160 100 1 0 173 98 168 79
125 76 1 0 133 76 133 76
245 80 1 0 244 80 244 80
249 81 1 0 194 81 194 81
242 79 1 0 149 79 149 79
325 101 1 0 250 85 250 85
220 79 1 0 220 79 220 79
263 92 1 0 178 76 187 79
83 76 1 0 85 76 85 76
94 76 1 0 96 76 96 76
175 91 1 0 114 76 114 76
199 76 1 0 198 76 198 76
116 76 1 0 119 76 119 76
146 81 1 0 126 81 126 81
185 79 1 0 185 80 185 80
123 86 1 0 122 80 122 80
135 76 1 0 117 76 117 76
217 84 1 0 194 80 194 80
212 81 1 0 212 86 376 80
110 76 1 0 110 76 110 76
245 78 1 0 339 90 339 90
172 80 1 0 165 80 165 80
124 80 1 0 129 80 129 80
290 82 1 0 302 76 302 76
145 79 1 0 144 79 144 79
258 81 1 0 265 80 265 80
258 95 1 0 331 98 286 81
179 81 1 0 214 79 214 85
169 92 1 0 244 88 311 79
98 76 1 0 98 76 98 76
163 78 1 0 127 81 231 86
183 88 1 0 137 92 194 76
257 76 1 0 265 79 265 79
229 81 1 0 229 81 229 81
177 79 1 0 180 79 180 79
133 79 1 0 116 79 116 79
215 102 1 0 217 97 215 80
228 92 1 0 246 94 245 76
191 76 1 0 190 76 190 76
246 79 1 0 236 79 236 79
197 80 1 0 143 79 143 79
388 86 1 0 390 92 390 92
196 88 1 0 166 88 195 85
277 84 1 0 313 84 313 84
114 76 1 0 114 76 114 76
116 81 1 0 193 83 192 79
134 80 1 0 125 76 125 76
241 76 1 0 242 79 242 79
131 76 1 0 130 76 130 76
153 93 1 0 144 93 311 92
103 83 1 0 91 76 91 76
210 80 1 0 203 80 203 80
245 84 1 0 244 84 244 84
90 84 1 0 92 80 92 80
213 84 1 0 158 80 158 80
273 92 1 0 162 101 162 76
84 76 1 0 83 76 83 76
147 79 1 0 147 79 147 79
273 87 1 0 173 76 274 87
130 76 1 0 127 76 127 76
261 81 1 0 236 80 236 80
269 81 1 0 269 81 269 81
84 76 1 0 84 76 84 76
94 76 1 0 94 76 94 76
99 76 1 0 99 76 99 76
121 76 1 0 104 76 104 76
82 76 1 0 82 76 82 76
283 84 1 0 214 79 249 76
163 76 1 0 163 76 163 76
247 79 1 0 242 83 215 80
114 79 1 0 113 79 180 81
185 79 1 0 181 80 181 80
129 76 1 0 128 76 128 76
160 82 1 0 125 76 125 76
175 79 1 0 170 88 320 80
223 80 1 0 177 88 238 82
275 111 1 0 192 85 297 82
83 76 1 0 83 76 83 76
245 82 1 0 245 78 211 79
271 81 1 0 253 93 259 81
105 76 1 0 102 76 102 76
189 79 1 0 189 79 189 79
243 100 1 0 188 90 205 76
131 76 1 0 131 76 131 76
179 80 1 0 293 84 221 81
143 79 1 0 160 79 160 79
156 79 1 0 131 81 167 79
121 79 1 0 118 76 118 76
312 82 1 0 319 88 199 76
179 90 1 0 160 93 179 79
182 81 1 0 332 87 332 87
223 76 1 0 145 76 145 76
216 79 1 0 192 84 192 84
136 84 1 0 136 80 136 80
278 76 1 0 236 76 236 76
98 76 1 0 98 76 98 76
200 80 1 0 202 80 202 80
248 88 1 0 262 88 264 79
268 81 1 0 141 81 141 81
382 104 1 0 340 103 517 87
110 79 1 0 110 79 110 79
89 79 1 0 89 79 89 79
286 81 1 0 280 80 286 85
245 86 1 0 164 76 164 76
419 86 1 0 150 88 165 80
109 80 1 0 91 76 91 76
567 146 1 0 484 132 242 79
181 101 1 0 181 101 275 79
129 79 1 0 129 79 129 79
233 84 1 0 194 83 233 80
92 79 1 0 91 79 91 79
180 88 1 0 203 88 310 76
287 79 1 0 249 79 249 79
99 80 1 0 82 76 82 76
454 100 1 0 245 80 245 76
246 81 1 0 268 79 473 90
161 79 1 0 175 79 175 79
201 88 1 0 184 94 204 80
180 82 1 0 138 82 138 79
156 79 1 0 184 79 184 79
161 80 1 0 276 80 276 80
168 79 1 0 185 80 166 79
130 76 1 0 93 79 93 79
245 86 1 0 245 82 245 82
98 78 1 0 98 78 97 80
144 79 1 0 171 79 171 79
183 76 1 0 190 79 190 79
243 92 1 0 208 76 208 76
132 76 1 0 126 81 126 81
184 90 1 0 350 84 350 84
158 79 1 0 158 79 158 79
220 78 1 0 220 80 262 84
147 82 1 0 286 88 286 88
159 92 1 0 165 92 142 79
167 76 1 0 146 80 146 80
252 99 1 0 185 80 185 80
182 81 1 0 359 92 180 81
353 90 1 0 258 80 258 80
212 90 1 0 203 88 480 81
97 76 1 0 84 76 84 76
229 84 1 0 218 84 218 84
585 142 1 0 337 109 239 81
203 81 1 0 296 83 207 85
227 96 1 0 189 97 227 79
333 106 1 0 345 98 215 81
257 84 1 0 183 80 183 80
180 82 1 0 248 86 248 86
187 95 1 0 258 94 251 83
197 86 1 0 199 84 198 80
115 76 1 0 115 76 115 76
160 80 1 0 379 84 164 76
168 81 1 0 224 80 224 80
87 76 1 0 87 76 87 76
141 76 1 0 202 76 202 76
92 76 1 0 92 76 92 76
272 85 1 0 274 84 274 84
86 76 1 0 91 76 91 76
189 80 1 0 168 80 168 80
205 85 1 0 160 80 160 80
214 87 1 0 205 81 207 90
246 86 1 0 280 82 280 82
179 90 1 0 139 90 183 76
152 78 1 0 150 82 150 82
192 80 1 0 256 107 251 80
140 84 1 0 186 85 186 85
288 94 1 0 274 104 220 93
339 85 1 0 173 80 288 76
100 76 1 0 98 76 98 76
233 79 1 0 185 79 185 85
181 80 1 0 180 80 180 80
179 78 1 0 179 80 179 80
100 82 1 0 95 80 95 80
523 105 1 0 523 105 434 85
486 91 1 0 198 97 241 76
176 81 1 0 176 79 176 79
172 79 1 0 172 79 172 79
158 76 1 0 149 79 149 79
281 93 1 0 255 96 534 104
226 84 1 0 164 90 223 84
120 80 1 0 108 80 108 80
234 76 1 0 233 76 233 76
259 79 1 0 498 84 498 84
227 79 1 0 137 80 137 80
103 76 1 0 100 76 100 76
179 90 1 0 258 88 328 76
92 76 1 0 86 79 86 79
135 90 1 0 154 88 220 79
82 76 1 0 87 79 87 79
261 103 1 0 261 103 221 80
134 79 1 0 133 79 158 81
163 79 1 0 163 79 163 79
187 85 1 0 206 76 206 76
180 80 1 0 176 92 180 88
85 76 1 0 84 76 91 80
103 79 1 0 98 79 98 79
87 76 1 0 89 76 89 76
176 79 1 0 234 79 234 79
144 81 1 0 145 81 145 81
233 97 1 0 199 91 417 80
103 76 1 0 103 76 103 76
93 76 1 0 84 76 84 76
88 76 1 0 79 76 79 76
135 78 1 0 204 91 204 91
99 76 1 0 84 79 84 79
131 76 1 0 130 76 130 76
120 76 1 0 117 76 117 76
153 88 1 0 145 88 320 82
85 76 1 0 89 76 111 86
175 78 1 0 293 78 323 86
240 81 1 0 150 80 150 80
245 88 1 0 250 88 267 76
96 80 1 0 104 84 104 83
180 99 1 0 157 103 294 79
301 84 1 0 289 84 289 84
97 79 1 0 93 76 96 79
161 80 1 0 258 80 258 80
137 79 1 0 137 79 137 79
229 93 1 0 229 93 385 84
315 110 1 0 158 88 204 86
137 80 1 0 127 80 127 80
227 76 1 0 217 76 217 76
123 80 1 0 121 76 121 76
128 76 1 0 115 76 115 76
133 79 1 0 133 79 133 79
197 79 1 0 248 82 248 82
220 80 1 0 223 80 226 86
225 85 1 0 212 101 212 79
145 80 1 0 145 82 149 79
169 81 1 0 183 81 183 81
228 92 1 0 175 88 405 86
176 79 1 0 159 79 132 81
230 76 1 0 229 76 229 76
126 78 1 0 163 83 163 83
161 80 1 0 161 80 161 80
108 76 1 0 108 76 108 76
558 108 1 0 293 143 381 85
129 79 1 0 131 79 131 79
89 76 1 0 86 79 86 79
134 76 1 0 133 76 114 80
147 80 1 0 132 79 132 79
203 90 1 0 282 92 198 79
138 79 1 0 107 79 111 80
157 79 1 0 267 81 267 81
339 80 1 0 371 76 371 76
83 76 1 0 77 76 77 76
227 83 1 0 231 76 231 76
185 76 1 0 245 76 245 76
132 80 1 0 104 76 104 76
219 87 1 0 219 87 180 79
103 76 1 0 96 76 96 76
282 82 1 0 183 76 183 76
188 83 1 0 159 80 159 80
234 82 1 0 188 99 238 80
187 85 1 0 187 85 187 85
273 117 1 0 346 130 209 79
191 76 1 0 130 76 147 79
142 76 1 0 142 76 142 76
160 79 1 0 139 79 139 79
236 83 1 0 480 106 308 83
295 80 1 0 219 80 219 80
100 80 1 0 100 80 101 76
174 79 1 0 363 79 182 76
254 80 1 0 162 88 184 76
200 84 1 0 235 84 235 84
168 86 1 0 167 83 180 86
260 92 1 0 305 92 182 79
181 82 1 0 244 85 283 86
81 76 1 0 81 76 81 76
205 84 1 0 309 90 309 90
276 82 1 0 277 82 277 82
337 80 1 0 190 80 190 80
163 76 1 0 190 76 190 76
284 80 1 0 144 80 144 80
128 79 1 0 128 79 128 79
91 80 1 0 79 76 79 76
394 111 1 0 295 90 220 80
206 78 1 0 249 81 221 85
153 79 1 0 175 79 175 79
349 102 1 0 148 90 274 89
129 76 1 0 140 76 140 76
81 79 1 0 81 79 81 79
228 79 1 0 312 96 312 96
199 88 1 0 196 88 337 81
126 76 1 0 133 76 133 76
245 79 1 0 222 79 222 79
133 76 1 0 203 76 203 76
188 76 1 0 120 90 242 76
291 82 1 0 119 76 119 76
81 79 1 0 77 76 77 76
262 111 1 0 262 84 240 80
214 79 1 0 216 79 216 79
222 76 1 0 218 76 218 76
132 81 1 0 139 81 139 81
183 79 1 0 169 107 182 79
97 79 1 0 86 79 86 79
294 81 1 0 212 88 213 80
84 76 1 0 84 76 84 76
136 76 1 0 131 76 194 86
189 91 1 0 244 79 244 79
164 80 1 0 186 79 186 79
217 84 1 0 136 76 218 86
218 84 1 0 158 80 158 80
182 87 1 0 164 83 164 83
256 85 1 0 321 84 321 84
160 81 1 0 182 81 182 81
112 76 1 0 108 76 108 76
189 81 1 0 188 80 146 79
273 85 1 0 255 85 255 85
201 84 1 0 171 80 171 80
240 85 1 0 206 97 318 82
251 79 1 0 251 79 251 79
139 76 1 0 139 76 139 76
195 87 1 0 223 90 326 89
113 78 1 0 114 76 136 79
135 85 1 0 131 80 131 80
114 79 1 0 132 76 132 76
233 76 1 0 181 76 181 76
207 79 1 0 226 80 226 80
178 82 1 0 251 83 251 83
187 88 1 0 180 88 182 76
190 85 1 0 190 85 190 85
140 81 1 0 155 80 155 80
180 79 1 0 178 81 262 84
235 86 1 0 165 83 165 83
117 76 1 0 81 76 81 76
166 80 1 0 167 80 167 80
138 79 1 0 124 79 124 79
219 82 1 0 229 87 229 87
144 76 1 0 127 76 127 76
234 79 1 0 221 79 391 87
164 97 1 0 164 97 248 80
196 79 1 0 218 80 218 80
251 79 1 0 188 90 176 79
263 99 1 0 395 83 470 86
203 79 1 0 191 79 191 79
373 86 1 0 448 86 276 76
155 79 1 0 192 79 339 87
83 76 1 0 97 87 97 87
289 87 1 0 275 108 351 83
359 120 1 0 226 88 351 82
134 79 1 0 119 79 119 79
97 79 1 0 97 79 97 79
215 82 1 0 217 82 255 87
244 86 1 0 263 96 240 79
261 79 1 0 234 79 234 79
182 82 1 0 182 82 248 81
158 79 1 0 158 79 158 79
86 76 1 0 99 80 99 80
211 79 1 0 210 79 210 79
147 76 1 0 139 76 139 76
229 83 1 0 191 81 191 83
161 83 1 0 202 80 202 80
174 76 1 0 179 76 179 76
202 92 1 0 222 92 236 85
185 97 1 0 185 97 209 79
181 80 1 0 167 76 167 76
172 80 1 0 172 80 172 80
149 79 1 0 173 79 173 79
106 76 1 0 106 76 106 76
192 81 1 0 225 81 225 81
343 118 1 0 195 88 197 80
236 103 1 0 288 103 361 76
259 79 1 0 272 84 272 84
186 92 1 0 307 88 227 81
168 79 1 0 146 79 146 79
199 80 1 0 200 76 231 83
114 76 1 0 112 76 112 76
112 76 1 0 108 76 108 76
156 80 1 0 152 80 322 92
94 79 1 0 108 79 108 79
182 76 1 0 194 76 194 76
294 79 1 0 146 81 146 81
105 76 1 0 99 76 99 76
207 79 1 0 197 88 253 79
143 79 1 0 143 79 143 79
156 80 1 0 116 80 116 80
172 86 1 0 167 79 167 79
252 83 1 0 252 97 393 79
235 88 1 0 188 88 380 84
129 76 1 0 126 76 126 76
175 81 1 0 149 81 150 79
168 79 1 0 153 79 153 79
258 90 1 0 228 90 226 79
87 76 1 0 87 76 87 76
135 76 1 0 127 76 127 76
317 79 1 0 167 79 167 79
106 78 1 0 158 80 142 82
229 79 1 0 229 79 145 85
128 76 1 0 128 76 128 76
199 76 1 0 173 76 173 76
344 76 1 0 238 81 238 81
361 92 1 0 184 81 364 79
181 80 1 0 340 86 338 88
379 80 1 0 379 80 379 80
91 80 1 0 91 80 91 80
292 84 1 0 336 90 196 81
173 82 1 0 161 84 161 84
225 81 1 0 215 81 197 82
93 80 1 0 93 80 93 80
104 80 1 0 121 81 121 81
165 79 1 0 160 76 160 76
269 82 1 0 238 89 238 86
136 79 1 0 136 79 136 79
171 88 1 0 191 88 202 76
170 79 1 0 150 76 150 76
153 76 1 0 104 76 104 76
118 82 1 0 115 76 115 76
141 79 1 0 140 79 140 79
157 79 1 0 138 79 138 79
212 76 1 0 211 76 211 76
171 80 1 0 173 80 170 76
212 93 1 0 268 93 236 80
283 80 1 0 206 93 201 79
242 94 1 0 221 91 221 91
142 76 1 0 141 76 141 76
81 79 1 0 81 79 81 79
78 76 1 0 78 76 78 76
160 79 1 0 147 79 147 79
148 86 1 0 136 76 136 76
92 79 1 0 93 76 93 76
348 99 1 0 263 98 174 79
95 76 1 0 89 76 89 76
118 80 1 0 116 80 134 79
195 85 1 0 229 92 216 79
133 80 1 0 127 80 127 80
252 79 1 0 248 79 248 79
238 81 1 0 226 86 226 86
107 79 1 0 117 85 117 85
219 80 1 0 245 81 396 90
170 76 1 0 169 76 169 76
154 90 1 0 239 106 217 85
163 79 1 0 141 79 141 79
408 100 1 0 212 93 222 79
156 76 1 0 154 76 154 76
160 92 1 0 128 90 171 79
122 76 1 0 98 76 98 76
234 96 1 0 234 96 185 76
327 103 1 0 263 91 357 84
105 87 1 0 82 76 82 76
191 85 1 0 236 86 236 86
176 76 1 0 250 76 250 76
220 79 1 0 142 79 142 79
184 80 1 0 179 80 181 76
81 76 1 0 77 76 80 79
152 93 1 0 152 93 121 76
190 78 1 0 172 82 172 82
168 84 1 0 178 84 168 80
216 80 1 0 221 84 221 84
83 76 1 0 83 76 83 76
148 88 1 0 152 88 195 76
181 88 1 0 211 79 211 79
163 88 1 0 174 90 292 80
183 93 1 0 289 107 182 79
103 80 1 0 105 76 105 76
302 80 1 0 272 80 272 80
83 76 1 0 83 76 83 76
125 76 1 0 114 76 114 76
155 85 1 0 156 85 156 85
255 76 1 0 262 80 262 80
197 76 1 0 197 76 197 76
84 76 1 0 90 76 90 76
237 96 1 0 386 92 380 82
168 88 1 0 219 92 150 85
259 84 1 0 194 85 194 85
200 89 1 0 177 92 365 86
126 83 1 0 87 76 87 76
111 76 1 0 111 76 111 76
141 76 1 0 140 76 140 76
162 79 1 0 161 79 161 79
268 79 1 0 268 79 268 79
202 88 1 0 212 88 312 79
192 90 1 0 191 90 292 84
148 80 1 0 296 80 296 80
220 79 1 0 174 79 174 79
100 76 1 0 100 76 100 76
231 88 1 0 231 76 231 76
168 90 1 0 164 90 224 79
226 81 1 0 238 76 238 76
288 101 1 0 183 93 184 76
148 78 1 0 201 84 201 84
210 79 1 0 132 76 132 76
190 80 1 0 188 80 188 80
211 76 1 0 211 78 190 76
87 76 1 0 84 76 84 76
148 79 1 0 284 81 284 81
88 81 1 0 88 81 93 80
131 79 1 0 130 79 130 79
154 76 1 0 154 80 170 80
152 84 1 0 155 79 152 84
130 76 1 0 135 76 135 76
138 80 1 0 133 76 133 76
85 80 1 0 93 80 93 80
305 90 1 0 269 99 194 81
189 79 1 0 178 79 178 79
291 101 1 0 187 95 353 79
213 102 1 0 210 83 210 83
147 78 1 0 169 84 169 84
133 79 1 0 136 79 136 79
133 80 1 0 141 80 141 80
155 76 1 0 155 76 155 76
96 79 1 0 94 76 94 76
310 79 1 0 223 79 223 79
226 82 1 0 297 86 297 91
262 81 1 0 343 81 343 81
97 76 1 0 97 76 97 76
217 90 1 0 182 90 226 80
404 134 1 0 207 79 207 79
115 76 1 0 115 76 115 76
227 90 1 0 227 90 224 79
237 90 1 0 224 90 277 80
161 79 1 0 161 79 161 79
199 88 1 0 193 88 193 88
197 79 1 0 196 79 196 79
329 90 1 0 219 84 284 84
147 81 1 0 148 80 148 80
93 80 1 0 93 80 93 80
240 80 1 0 245 84 245 80
178 80 1 0 178 80 178 80
209 80 1 0 118 76 118 76
199 79 1 0 132 79 210 83
293 84 1 0 319 78 310 90
175 88 1 0 238 84 173 80
87 79 1 0 83 76 83 76
149 81 1 0 149 79 149 79
176 81 1 0 183 89 183 89
136 79 1 0 137 79 137 79
85 76 1 0 83 80 85 79
169 92 1 0 212 79 182 81
191 85 1 0 192 80 192 80
133 76 1 0 141 79 141 79
292 129 1 0 293 122 178 80
93 76 1 0 91 76 91 76
129 76 1 0 129 76 129 76
129 83 1 0 152 76 123 82
154 80 1 0 154 80 154 79
264 86 1 0 186 81 186 81
112 76 1 0 104 76 104 76
110 79 1 0 91 76 91 76
156 80 1 0 221 84 221 84
137 80 1 0 380 86 356 90
234 88 1 0 174 97 175 80
339 81 1 0 161 81 161 81
154 88 1 0 153 88 207 76
145 80 1 0 152 76 152 76
110 80 1 0 86 76 86 76
104 80 1 0 126 80 126 80
272 92 1 0 201 79 201 79
166 80 1 0 176 80 176 80
193 80 1 0 145 80 145 80
324 96 1 0 337 108 509 76
357 95 1 0 357 84 357 84
183 80 1 0 182 79 182 79
89 76 1 0 85 76 85 76
183 78 1 0 176 83 202 80
118 79 1 0 116 79 116 79
148 76 1 0 153 76 153 76
165 81 1 0 171 81 171 81
185 79 1 0 183 79 210 76
234 82 1 0 206 82 224 79
457 92 1 0 223 79 223 79
91 76 1 0 91 79 91 79
277 101 1 0 266 101 217 79
347 89 1 0 238 86 191 80
235 107 1 0 197 90 201 80
283 79 1 0 338 84 338 84
141 80 1 0 139 80 139 80
437 106 1 0 194 99 260 79
168 79 1 0 178 80 178 80
212 92 1 0 229 80 275 76
122 80 1 0 119 80 119 80
201 80 1 0 203 79 203 79
88 82 1 0 85 76 88 82
254 80 1 0 254 80 254 80
202 86 1 0 282 104 179 80
159 80 1 0 158 80 158 80
139 79 1 0 137 79 137 79
114 76 1 0 113 76 113 76
187 83 1 0 208 79 208 79
248 79 1 0 156 79 156 79
267 76 1 0 170 76 159 80
324 87 1 0 243 76 244 82
200 80 1 0 200 80 200 80
94 76 1 0 94 80 94 80
458 97 1 0 215 99 215 76
232 97 1 0 170 91 232 76
243 76 1 0 276 82 276 82
202 79 1 0 202 79 202 79
154 79 1 0 123 79 123 79
131 76 1 0 135 76 135 76
151 81 1 0 150 85 150 85
225 90 1 0 227 90 304 79
186 81 1 0 183 80 183 80
161 79 1 0 161 79 161 79
263 84 1 0 193 84 193 84
150 80 1 0 202 84 179 76
208 80 1 0 128 76 128 76
156 79 1 0 150 79 150 79
149 90 1 0 209 92 159 80
260 79 1 0 422 98 313 80
163 80 1 0 180 84 180 84
282 84 1 0 227 85 227 85
285 92 1 0 260 83 260 83
167 83 1 0 150 85 150 83
86 76 1 0 78 76 78 76
209 79 1 0 212 79 256 80
229 96 1 0 539 88 267 80
227 87 1 0 161 79 161 79
218 79 1 0 435 85 435 85
188 81 1 0 132 79 132 79
185 76 1 0 232 94 232 94
92 76 1 0 83 76 83 76
122 79 1 0 131 80 131 80
194 88 1 0 201 96 203 76
count: 983
DIJ: 80988 180610
DSTARLITE: 81460 187391
DSTARLITELABEL: 0 983
ASTAR: 78452 210571
RUNTIME: 21939 4696 0 210571
