33 31 31 31 31 31
36 31 36 31 36 31
37 33 47 31 47 31
47 31 53 31 53 31
41 31 39 31 39 31
43 33 42 35 41 33
33 31 33 31 33 31
34 31 33 31 34 31
35 31 33 31 33 31
33 31 34 33 32 31
42 31 35 33 35 33
33 31 31 31 31 31
32 31 32 31 32 31
33 31 32 31 32 31
40 33 34 33 34 33
38 31 35 31 39 31
32 31 31 31 31 31
36 33 45 31 45 31
34 31 33 31 33 31
36 31 36 31 36 31
34 31 32 31 32 31
32 31 34 31 31 31
37 31 36 31 41 41
33 31 35 31 44 41
43 33 36 33 36 33
34 31 32 31 32 31
38 31 31 31 31 31
32 31 31 31 31 31
46 35 35 31 35 31
39 33 31 31 31 31
36 31 37 31 37 31
34 31 34 33 34 31
41 33 36 31 37 31
35 31 34 31 34 31
46 31 42 31 42 31
32 31 31 31 31 31
37 31 31 31 31 31
37 33 48 37 48 40
37 31 40 33 40 33
34 31 32 31 32 31
36 31 31 31 31 31
43 35 38 33 38 33
32 31 33 31 37 31
32 31 33 31 33 31
39 31 33 33 44 35
47 35 34 31 34 31
32 31 31 31 31 31
39 31 38 31 38 31
35 33 34 33 34 33
43 35 40 31 40 31
34 31 53 33 45 33
36 33 46 33 46 33
32 31 32 31 32 31
35 31 31 31 33 31
34 31 35 31 35 31
35 31 33 31 32 31
34 31 33 33 33 33
35 33 34 33 34 33
32 31 31 31 31 31
33 31 31 31 31 31
34 31 34 31 34 31
34 31 38 31 38 31
32 31 31 31 31 31
33 31 31 31 31 31
35 31 35 31 32 31
38 35 46 33 47 35
32 31 32 31 33 31
32 31 33 31 33 31
33 31 35 31 35 31
35 31 32 31 33 31
37 31 32 31 32 31
33 31 31 31 31 31
33 31 32 31 32 31
33 31 31 31 31 31
33 31 32 31 32 31
36 31 34 31 34 31
37 33 53 33 53 33
41 33 37 33 37 33
42 31 37 31 37 31
33 31 32 31 32 31
33 31 33 31 35 31
34 31 32 31 32 31
36 31 35 31 35 31
43 33 35 31 35 31
32 31 31 31 31 31
32 31 32 31 32 31
32 31 31 31 33 31
34 31 32 31 32 31
34 31 34 33 31 31
34 31 32 31 32 31
32 31 36 35 33 31
39 33 45 35 45 35
33 31 45 31 45 31
35 33 36 35 43 37
37 31 39 33 39 33
32 31 31 31 31 31
34 31 32 31 32 31
33 31 31 31 31 31
35 31 34 31 34 31
34 31 32 31 34 31
37 31 35 31 45 41
41 35 40 35 32 31
33 31 34 33 38 35
35 31 34 31 34 31
33 31 32 31 32 31
39 31 44 31 44 31
34 31 34 31 33 33
40 31 39 31 39 31
35 31 32 31 32 31
36 31 33 31 33 31
37 31 36 31 36 31
39 31 33 31 33 31
38 33 36 33 36 33
36 31 34 31 34 31
32 31 31 31 31 31
32 31 33 31 31 31
33 31 33 31 33 31
35 31 36 31 34 31
32 31 31 31 31 31
32 31 32 31 32 31
37 31 31 31 31 31
43 33 37 33 37 33
35 31 36 31 57 43
37 31 37 33 36 31
44 33 37 33 34 31
33 31 32 31 32 31
32 31 31 31 31 31
46 33 34 31 34 31
34 31 35 33 33 31
38 31 36 31 36 33
32 31 32 31 32 31
37 35 34 31 34 31
34 31 36 31 33 31
34 31 33 31 33 31
38 33 37 33 39 33
33 31 31 31 31 31
41 35 36 31 36 31
38 33 35 33 35 33
36 33 34 33 34 33
38 33 37 33 37 33
35 31 37 33 36 33
34 31 34 31 34 31
41 31 39 33 40 31
32 31 37 31 37 31
34 31 33 31 33 31
41 31 35 33 35 33
36 31 34 31 34 31
32 31 32 31 31 31
36 31 35 31 35 31
46 31 34 31 34 31
39 33 37 33 41 35
37 33 36 31 36 31
33 31 33 31 33 31
39 31 32 31 32 31
35 31 31 31 31 31
32 31 31 31 31 31
38 31 36 33 36 33
34 31 39 35 33 33
40 31 38 35 41 33
33 31 34 31 31 31
32 31 34 31 36 31
40 31 39 31 39 31
35 31 31 31 31 31
36 31 35 31 36 31
38 31 37 31 37 31
38 33 32 31 32 31
32 31 34 31 34 31
35 31 37 33 39 35
33 31 32 31 32 31
37 31 32 31 32 31
36 33 33 33 33 33
33 31 31 31 31 31
37 33 36 33 36 33
37 33 36 33 36 33
32 31 31 31 31 31
33 31 34 31 32 31
37 33 37 33 37 33
33 31 32 31 32 31
35 31 32 31 43 41
36 31 33 33 35 33
39 33 36 33 36 33
43 31 43 31 43 31
35 31 34 33 34 33
35 31 33 31 33 31
35 31 31 31 42 41
38 33 36 33 37 33
40 31 34 31 34 31
33 31 31 31 31 31
42 31 41 35 41 37
34 31 33 31 33 31
32 31 31 31 31 31
33 31 35 31 35 31
36 31 33 31 33 31
38 33 36 33 36 33
39 31 35 33 35 33
36 31 33 33 33 33
38 33 36 33 36 33
33 31 31 31 32 31
33 31 33 31 44 41
37 33 49 31 49 31
36 33 33 31 51 41
35 31 38 33 38 33
33 31 31 31 31 31
40 35 32 31 32 31
36 31 34 33 34 33
34 31 32 31 32 31
39 31 38 31 38 31
32 31 31 31 31 31
33 31 33 31 32 31
36 31 34 31 36 31
38 31 36 31 36 31
37 33 34 33 34 33
36 31 36 31 42 31
32 31 32 31 44 41
36 31 31 31 31 31
37 31 35 33 35 33
45 31 34 31 34 31
34 31 31 31 31 31
34 31 32 31 32 31
38 33 33 33 33 33
40 31 34 33 39 31
49 31 35 31 35 31
34 31 31 31 36 31
35 33 33 31 33 31
32 31 31 31 31 31
50 35 56 43 56 43
37 31 34 31 32 31
33 31 31 31 31 31
48 35 38 31 38 31
32 31 31 31 31 31
36 31 34 31 34 31
47 31 36 31 36 31
36 31 32 31 32 31
35 33 32 31 32 31
32 31 31 31 31 31
36 31 38 37 36 31
35 31 34 31 36 33
33 31 33 31 31 31
35 31 33 31 33 31
41 33 36 31 36 31
36 33 35 33 35 33
34 31 34 31 34 31
37 31 33 31 33 31
38 31 39 35 37 31
39 31 37 31 37 31
34 31 33 31 31 31
39 31 37 33 39 35
34 31 32 31 32 31
40 31 35 33 36 33
34 31 34 31 34 31
36 31 35 31 35 31
33 31 31 31 36 31
33 31 35 31 33 31
37 31 47 35 52 33
38 33 37 33 37 33
40 33 35 31 35 31
37 31 40 35 40 35
35 31 32 31 45 41
36 31 34 31 34 31
35 31 31 31 31 31
32 31 32 31 32 31
43 37 32 31 32 31
33 31 33 31 32 31
37 31 37 35 33 31
35 31 33 31 35 31
56 39 48 37 48 37
37 33 36 33 36 33
34 31 34 33 34 33
39 31 38 31 56 43
32 31 32 31 32 31
34 31 33 31 32 31
37 31 35 31 37 33
37 31 35 31 35 31
34 31 31 31 31 31
34 31 35 31 32 31
37 33 37 35 40 35
34 31 31 31 31 31
46 33 41 33 41 33
34 31 31 31 31 31
49 31 39 33 39 33
34 31 34 31 34 31
42 33 35 33 35 33
38 31 35 33 35 33
47 37 41 33 41 33
35 31 34 31 34 31
33 31 33 31 34 31
34 31 33 31 33 31
33 31 33 31 33 31
35 31 35 31 35 31
33 31 33 31 33 31
35 31 35 33 35 33
35 31 33 31 34 31
34 31 32 31 32 31
38 31 35 31 35 31
37 31 35 31 35 31
32 31 37 35 32 31
43 31 37 31 37 31
33 31 33 31 32 31
36 31 34 33 34 33
38 31 34 31 34 31
33 31 32 31 32 31
33 31 32 31 32 31
40 33 35 33 35 33
36 31 38 31 38 31
37 31 31 31 31 31
40 35 32 31 32 31
32 31 35 31 35 31
32 31 31 31 34 31
33 31 32 31 32 31
32 31 32 31 32 31
34 33 34 33 34 33
35 31 34 31 34 31
46 33 37 33 37 33
39 37 33 31 33 31
44 35 35 31 54 41
35 31 31 31 31 31
38 37 37 33 37 33
36 31 33 33 34 31
34 33 33 33 33 33
32 31 32 31 32 31
33 31 32 31 32 31
33 31 32 31 32 31
38 31 37 33 31 31
34 31 33 31 33 31
35 31 33 31 33 31
35 31 33 33 33 33
33 31 33 31 33 31
37 31 36 31 36 31
49 31 33 31 33 31
35 31 34 33 32 31
33 31 31 31 31 31
33 31 34 33 37 35
38 33 38 33 39 31
36 31 32 31 32 31
32 31 34 31 31 31
37 31 41 31 41 31
34 31 38 35 32 31
43 31 39 33 39 33
32 31 33 31 33 31
40 31 39 31 39 31
33 31 35 31 35 31
39 33 37 33 37 33
45 31 32 31 32 31
33 31 35 31 35 31
43 35 36 33 36 33
38 31 38 31 38 31
37 31 34 31 34 31
34 31 43 31 43 31
32 31 32 31 32 31
38 31 37 33 38 33
44 33 36 31 36 31
34 31 34 31 32 31
33 31 33 31 32 31
36 33 34 33 52 41
32 31 32 31 32 31
34 31 39 37 32 31
33 31 31 31 31 31
32 31 32 31 31 31
39 31 36 31 34 31
32 31 32 31 31 31
40 33 42 31 42 31
40 31 45 31 45 31
36 33 48 33 48 33
32 31 35 31 35 31
39 33 38 33 38 33
59 33 54 45 75 43
32 31 31 31 31 31
34 33 31 31 31 31
33 31 36 31 31 31
32 31 34 31 34 31
33 31 32 31 33 31
35 31 34 31 34 31
33 31 31 31 31 31
34 31 33 33 33 33
33 31 32 31 32 31
32 31 31 31 31 31
36 31 38 35 36 31
35 31 33 31 33 31
37 31 35 31 36 31
35 31 37 31 33 31
37 31 32 31 32 31
33 31 35 31 35 31
34 31 32 31 32 31
32 31 31 31 31 31
35 31 35 31 36 31
33 31 32 31 32 31
41 33 35 31 35 31
34 31 33 31 33 31
35 33 34 33 34 33
35 31 34 31 34 31
35 31 35 31 35 31
42 31 35 33 35 33
43 31 39 35 36 31
36 31 31 31 31 31
38 33 36 31 36 31
32 31 33 31 31 31
34 31 31 31 31 31
35 33 33 31 31 31
35 33 33 31 33 31
33 31 33 31 33 31
35 31 31 31 31 31
32 31 32 31 31 31
35 31 31 31 31 31
37 31 36 31 41 31
32 31 31 31 31 31
33 31 36 33 32 31
38 31 42 31 46 31
39 33 37 33 37 33
37 31 33 31 35 31
32 31 31 31 32 31
35 33 32 31 32 31
35 33 36 33 36 33
37 31 36 35 38 31
32 31 33 31 31 31
34 33 33 31 33 31
34 31 32 31 32 31
35 31 31 31 42 41
34 31 32 31 32 31
32 31 33 31 46 41
39 33 38 33 39 31
32 31 32 31 32 31
35 31 33 31 33 31
40 31 32 31 32 31
34 31 34 31 34 31
38 31 39 33 37 31
33 31 33 31 34 31
36 31 32 31 32 31
35 31 33 31 38 31
39 31 42 35 40 31
32 31 31 31 31 31
34 31 32 31 32 31
56 33 68 35 73 40
35 31 34 31 34 31
34 31 33 31 33 31
35 31 33 33 33 33
35 31 37 31 37 31
33 31 31 31 31 31
32 31 33 33 33 33
40 31 35 31 35 31
40 31 32 31 32 31
38 33 52 31 52 31
32 31 31 31 31 31
33 31 33 31 32 31
33 31 31 31 31 31
33 31 33 31 33 31
32 31 31 31 31 31
34 31 35 31 35 31
36 31 34 33 35 33
38 31 35 33 35 33
38 33 31 31 36 31
40 33 39 33 39 33
34 31 34 31 35 31
36 31 50 33 50 31
34 33 42 31 41 31
35 31 32 31 35 31
33 31 34 31 34 31
33 31 33 31 31 31
36 31 36 33 36 33
41 35 31 31 31 31
33 31 31 31 32 31
37 31 37 33 37 33
44 31 38 33 38 33
37 35 33 33 33 33
33 31 31 31 31 31
32 31 32 31 32 31
33 31 33 31 32 31
36 31 33 31 33 31
36 31 35 31 35 31
38 31 35 31 35 31
34 33 33 33 33 33
33 31 35 31 33 31
36 33 33 33 34 33
34 31 34 31 34 31
37 31 33 31 33 31
35 31 34 31 34 31
36 31 36 33 33 33
34 31 32 31 32 31
36 31 35 31 40 31
32 31 33 31 31 31
32 31 31 31 31 31
32 31 34 33 34 33
37 31 34 31 34 31
32 31 32 31 31 31
37 31 38 33 38 33
34 31 31 31 31 31
34 31 33 31 33 31
32 31 35 33 35 33
35 33 34 33 34 33
34 31 34 33 32 31
39 31 33 31 33 31
42 33 33 31 33 31
34 33 34 33 34 33
33 31 33 31 33 31
39 35 34 31 48 43
34 31 31 31 31 31
32 31 31 31 31 31
35 31 35 33 35 33
42 35 36 33 36 33
36 31 36 31 36 31
33 31 35 31 35 31
32 31 32 31 37 33
41 31 40 35 41 31
35 31 36 31 36 31
32 31 31 31 31 31
41 33 41 33 41 33
33 31 33 31 31 31
43 33 36 33 36 33
33 31 32 31 32 31
34 31 33 31 33 31
32 31 32 31 31 31
33 31 33 31 33 31
42 35 33 33 33 33
35 31 36 31 36 31
32 31 32 31 31 31
37 31 35 31 36 31
37 31 31 31 40 31
39 31 35 31 67 47
35 31 36 33 35 31
39 35 39 33 39 31
32 31 32 31 32 31
50 31 38 31 38 31
41 31 32 31 32 31
32 31 31 31 31 31
34 31 32 31 32 31
38 33 38 33 38 31
33 31 31 31 31 31
32 31 35 31 35 31
32 31 33 33 31 31
34 31 32 31 32 31
40 33 37 33 37 33
34 31 33 31 33 31
35 31 34 31 34 31
44 33 38 33 38 33
32 31 33 31 33 31
33 31 33 31 33 31
38 31 49 31 49 31
34 31 45 31 57 41
39 31 51 31 51 31
34 31 33 31 36 31
35 31 33 31 33 31
33 31 34 33 40 35
35 31 35 31 35 31
33 31 32 31 32 31
33 31 32 31 33 31
35 31 60 35 57 31
37 33 34 33 33 33
36 33 36 33 33 31
34 31 32 31 32 31
34 33 33 33 33 33
33 31 32 31 33 31
32 31 31 31 31 31
32 31 31 31 31 31
42 31 38 31 38 31
37 31 43 35 46 37
33 31 31 31 33 31
35 33 32 31 31 31
32 31 37 33 37 33
37 31 38 33 36 31
40 33 39 33 39 33
37 31 32 31 32 31
32 31 32 31 34 31
41 33 31 31 31 31
36 31 36 33 38 35
34 31 31 31 33 31
35 31 32 31 32 31
36 33 33 31 33 31
39 35 37 33 37 33
36 33 34 33 34 33
38 31 35 31 38 31
34 31 33 31 33 31
41 35 35 31 35 31
35 31 34 31 34 31
37 31 33 31 33 31
35 31 31 31 53 41
40 35 37 31 59 41
32 31 33 33 33 33
35 33 35 33 35 33
32 31 43 31 43 31
33 31 35 33 37 31
35 33 37 35 42 33
35 33 35 31 35 31
38 33 34 33 34 33
35 31 34 31 34 31
34 31 33 31 33 31
34 31 49 31 49 31
34 31 33 31 33 31
33 31 32 31 32 31
36 31 32 31 32 31
35 31 34 31 38 31
35 31 33 31 31 31
36 33 34 31 34 31
38 33 38 33 38 33
32 31 31 31 31 31
32 31 31 31 31 31
34 33 31 31 31 31
32 31 31 31 31 31
34 31 37 33 40 35
34 31 32 31 31 31
37 35 33 31 33 31
40 39 33 31 33 31
39 31 40 33 40 33
36 31 34 31 34 31
32 31 34 31 32 31
33 31 33 31 33 31
35 31 32 31 32 31
41 31 41 37 62 41
39 33 34 33 34 33
35 31 31 31 31 31
37 31 33 31 42 41
39 31 34 33 38 33
32 31 34 31 35 31
57 35 42 31 51 41
33 31 32 31 32 31
38 31 37 31 37 31
39 31 34 33 34 31
32 31 31 31 31 31
36 31 36 31 36 31
33 31 34 31 34 31
44 35 34 31 34 31
37 31 39 35 38 31
42 31 36 31 40 31
34 31 34 31 34 31
33 31 32 31 32 31
33 31 44 31 41 31
34 31 31 31 31 31
44 31 44 33 44 33
33 31 31 31 31 31
35 31 41 31 41 31
39 33 31 31 31 31
37 35 31 31 31 31
48 33 47 33 49 33
36 35 35 31 35 31
42 33 36 31 36 31
37 31 43 35 39 31
36 31 46 31 46 31
35 31 36 33 37 31
36 31 32 31 32 31
35 31 34 31 34 31
35 31 33 31 33 31
34 31 34 31 43 41
35 31 32 31 32 31
33 31 32 31 32 31
32 31 49 31 47 31
32 31 35 31 35 31
33 31 31 31 31 31
53 37 47 33 39 33
38 31 35 33 35 33
35 31 35 31 35 31
37 31 40 31 40 31
41 31 35 31 35 31
37 31 37 31 37 31
39 31 34 31 34 31
33 31 31 31 31 31
35 33 34 31 34 31
36 31 31 31 31 31
40 33 39 33 39 33
32 31 31 31 31 31
32 31 31 31 31 31
34 31 49 35 49 33
39 31 37 31 37 31
35 33 34 33 34 33
36 31 37 33 37 31
32 31 32 31 31 31
33 31 33 31 33 31
35 31 36 31 36 31
34 31 35 33 35 33
35 31 34 31 34 31
32 31 32 31 32 31
33 31 31 31 31 31
38 33 38 33 38 33
34 31 34 31 34 31
35 33 32 31 32 31
33 31 32 31 32 31
38 31 38 31 38 31
34 31 35 31 35 31
33 31 31 31 31 31
51 35 50 33 50 33
34 31 33 31 33 31
39 31 31 31 31 31
33 31 32 31 32 31
34 31 33 31 35 31
38 31 35 33 35 31
36 31 43 31 43 31
36 33 31 31 34 31
61 31 43 31 43 31
35 33 31 31 31 31
33 31 33 31 33 31
35 31 37 31 37 31
37 31 33 31 36 31
33 31 32 31 32 31
39 31 39 33 38 33
33 31 51 37 43 33
35 31 33 31 33 31
37 31 34 31 34 31
36 31 33 31 33 31
35 31 34 31 34 31
36 31 36 33 39 35
33 31 32 31 32 31
37 33 31 31 36 33
33 31 31 31 31 31
34 31 31 31 31 31
35 31 33 31 33 31
37 33 37 33 36 33
35 31 34 31 34 31
33 31 32 31 32 31
32 31 32 31 32 31
34 33 41 35 36 33
36 31 35 33 35 33
36 31 33 33 34 31
40 31 33 31 33 31
32 31 31 31 31 31
33 31 32 31 32 31
38 31 31 31 43 41
36 31 34 31 36 31
36 31 34 33 34 33
38 31 37 31 37 31
36 33 33 33 33 33
33 31 35 33 40 35
32 31 33 31 32 31
34 31 34 31 34 31
48 35 36 31 31 31
34 31 33 31 33 31
32 31 31 31 31 31
38 35 31 31 31 31
36 33 34 31 34 31
46 31 45 31 45 31
38 33 39 35 39 35
33 31 33 31 33 31
37 31 39 33 39 33
37 31 37 31 36 31
45 31 35 31 45 31
50 33 41 39 41 33
49 41 35 31 35 31
34 31 32 31 32 31
36 31 36 31 36 31
35 31 45 37 35 31
35 31 40 31 40 31
32 31 31 31 31 31
38 31 32 31 32 31
37 31 40 31 40 31
38 31 36 31 38 31
42 31 38 31 38 31
36 31 36 31 48 41
34 31 34 31 34 31
35 33 35 33 48 41
47 33 41 33 41 33
32 31 32 31 32 31
38 31 36 31 36 31
34 31 34 31 34 31
38 31 31 31 31 31
33 31 31 31 31 31
34 31 34 31 34 31
33 31 31 31 31 31
32 31 34 33 31 31
34 31 33 31 33 31
41 31 36 31 36 31
37 31 36 33 36 33
34 33 31 31 31 31
40 33 31 31 31 31
38 31 36 31 36 31
39 31 38 31 38 31
36 31 34 31 34 31
33 31 32 31 33 31
33 31 31 31 31 31
37 31 33 33 32 31
43 37 34 31 34 31
32 31 31 31 31 31
34 31 31 31 31 31
33 31 32 31 32 31
32 31 31 31 31 31
35 31 36 33 36 33
39 37 32 31 32 31
36 33 36 33 32 31
35 31 34 31 34 31
32 31 31 31 31 31
38 31 32 31 32 31
32 31 33 33 33 33
36 31 34 31 34 31
33 31 33 31 31 31
34 31 35 33 35 33
33 31 31 31 33 31
41 31 34 31 38 31
37 33 43 35 40 31
33 31 32 31 31 31
32 31 31 31 31 31
33 31 31 31 31 31
39 31 38 33 38 33
36 31 35 31 46 41
32 31 31 31 31 31
32 31 31 31 31 31
39 31 37 31 37 31
38 31 32 31 32 31
39 31 40 35 40 35
38 31 37 31 37 31
36 31 35 31 35 31
37 33 36 33 44 41
35 31 35 31 35 31
36 31 37 31 37 31
35 33 32 31 31 31
33 31 33 33 38 31
37 31 33 31 33 31
34 33 32 31 31 31
43 33 43 33 43 33
36 31 32 31 32 31
44 31 49 31 49 31
48 31 42 31 42 31
32 31 32 31 32 31
33 31 31 31 31 31
33 31 33 31 33 31
36 31 33 31 34 31
37 33 33 31 33 31
35 31 33 31 45 41
40 35 36 31 48 41
34 31 34 31 34 31
43 31 34 31 34 31
37 31 35 31 35 31
38 31 55 31 55 31
43 31 46 33 46 33
45 33 45 35 50 40
34 31 32 31 32 31
32 31 32 31 32 31
36 31 37 31 44 41
45 35 33 31 33 31
33 31 43 31 43 31
32 31 36 31 36 31
36 33 35 33 35 33
33 31 42 31 42 31
32 31 35 31 35 31
41 35 36 31 39 31
33 31 32 31 32 31
33 31 31 31 31 31
40 31 46 33 44 31
39 35 34 33 53 43
32 31 32 31 31 31
42 31 38 31 37 31
39 31 43 31 43 31
34 31 34 33 34 33
34 31 32 31 32 31
34 31 42 31 42 31
32 31 33 31 33 31
32 31 33 33 33 33
36 31 33 33 33 33
34 31 34 31 34 31
35 33 33 33 36 33
37 31 35 33 31 31
33 31 58 33 58 33
41 33 36 33 36 33
37 35 31 31 31 31
33 31 33 31 33 31
35 31 31 31 31 31
35 33 32 31 43 41
43 33 38 33 43 33
33 31 32 31 33 31
41 31 50 31 50 31
43 35 36 31 36 31
32 31 43 31 43 31
35 31 35 31 36 31
37 31 37 31 37 31
35 31 34 31 34 31
33 31 36 35 34 31
34 31 33 33 33 33
35 31 37 33 37 33
36 31 35 31 32 31
32 31 33 33 36 31
33 31 33 33 31 31
34 31 32 31 32 31
41 31 38 31 38 31
36 31 35 31 35 31
46 31 45 31 64 41
32 31 34 31 31 31
35 31 35 33 31 31
38 31 40 33 40 33
52 31 49 35 43 31
36 31 32 31 32 31
40 33 35 33 40 33
32 31 32 31 31 31
33 31 33 31 33 31
35 31 57 35 57 35
40 33 31 31 35 31
34 31 33 33 33 33
36 31 55 40 55 31
34 31 32 31 34 31
32 31 34 33 34 31
35 31 31 31 31 31
38 31 50 31 50 31
38 35 32 31 32 31
37 33 36 33 36 33
33 31 37 31 33 31
38 31 34 31 32 31
36 31 38 33 34 33
34 31 33 31 36 31
42 41 33 31 33 31
37 31 36 31 36 31
33 31 45 31 45 31
35 31 36 31 36 31
33 31 31 31 31 31
39 33 38 33 38 33
33 31 41 41 32 31
38 33 33 33 38 35
33 31 34 31 34 31
35 31 33 31 33 31
34 31 33 31 33 31
33 31 33 31 33 31
39 33 39 31 39 33
33 31 43 31 45 31
40 31 40 31 40 31
35 33 33 33 33 33
37 33 33 33 33 33
37 33 37 35 33 33
34 31 32 31 32 31
38 33 33 33 31 31
40 33 37 31 37 31
34 31 32 31 33 31
33 31 34 31 32 31
36 33 34 33 35 33
32 31 34 33 34 33
34 31 34 31 35 31
50 35 31 31 31 31
42 31 39 33 39 33
43 37 34 33 52 43
34 31 37 35 33 31
34 31 32 31 32 31
41 35 37 31 37 31
44 37 39 31 39 31
33 31 31 31 31 31
35 31 34 33 33 31
32 31 31 31 31 31
33 31 31 31 34 31
36 31 35 31 35 31
34 31 31 31 31 31
33 31 31 31 31 31
33 31 35 33 39 35
36 31 33 33 33 33
32 31 34 31 32 31
35 31 34 31 34 31
34 31 31 31 31 31
36 31 31 31 31 31
36 31 56 35 58 31
37 31 33 31 33 31
32 31 32 31 36 31
35 31 34 31 34 31
36 35 33 33 33 33
36 33 38 33 38 33
33 31 34 31 34 31
38 31 36 31 36 31
36 33 35 33 35 33
34 31 31 31 31 31
34 31 34 31 34 31
33 31 31 31 31 31
33 31 32 31 32 31
43 31 42 31 42 31
40 31 43 31 43 31
36 31 34 31 34 31
33 31 33 31 33 31
35 31 33 31 33 31
32 31 31 31 31 31
35 31 31 31 31 31
39 31 39 33 40 31
35 31 41 31 41 31
34 31 35 31 35 31
35 31 33 31 41 31
32 31 31 31 31 31
37 31 36 31 36 31
32 31 31 31 31 31
38 31 38 31 38 33
35 31 35 31 35 31
36 33 35 31 35 31
34 31 32 31 34 31
39 33 38 33 42 31
36 33 37 33 37 33
32 31 39 39 34 31
35 33 33 33 33 33
39 31 38 31 38 31
34 31 36 31 36 31
38 31 38 33 38 33
36 31 33 33 37 35
35 31 32 31 32 31
34 31 32 31 32 31
36 31 32 31 32 31
33 31 36 31 36 31
37 31 33 31 51 41
39 33 34 33 35 31
35 31 34 31 34 31
36 31 38 31 38 31
32 31 31 31 31 31
35 31 32 31 33 31
43 31 32 31 32 31
34 31 34 33 34 33
33 31 33 31 33 33
42 31 40 33 40 33
42 31 34 31 34 31
34 31 46 43 41 37
36 31 36 31 36 31
33 31 32 31 32 31
32 31 32 31 32 31
41 35 40 33 50 41
36 31 31 31 34 31
33 31 31 31 31 31
34 31 31 31 31 31
33 31 35 33 31 31
count: 1000
DIJ: 31715 34965
DSTARLITE: 31570 36028
DSTARLITELABEL: 0 0
ASTAR: 31915 35547
RUNTIME: 12974 1893 0 7618
