67 52 67 52 67 52
80 49 77 52 77 52
51 49 50 49 50 49
56 49 56 49 56 49
59 49 52 49 52 49
53 49 53 49 53 49
56 49 55 49 55 49
83 59 78 52 78 52
59 49 57 49 57 49
50 49 50 49 50 49
69 52 63 52 63 52
66 49 67 49 67 49
60 52 59 52 59 52
103 60 62 49 62 49
81 49 73 49 73 49
66 49 65 49 65 49
59 49 58 49 58 49
72 49 72 49 72 49
68 49 68 49 68 49
55 49 51 49 51 49
50 49 49 49 49 49
53 49 53 49 53 49
108 59 56 49 56 49
66 52 64 52 64 52
62 52 71 49 71 49
54 49 54 49 54 49
72 49 69 49 69 49
59 49 56 49 56 49
70 49 64 52 64 52
58 49 56 49 56 49
65 49 67 49 67 49
53 49 53 49 53 49
59 49 53 49 53 49
67 52 65 52 65 52
60 49 60 49 60 49
55 49 60 49 60 49
69 49 63 52 63 52
63 49 61 49 61 49
66 49 65 49 65 49
81 52 72 52 72 52
65 49 64 49 64 49
50 49 49 49 49 49
80 49 68 52 68 52
51 49 51 49 51 49
70 52 66 52 66 52
55 49 55 49 55 49
62 49 62 49 62 49
64 49 63 49 63 49
52 49 51 49 51 49
55 49 51 49 51 49
75 59 54 49 54 49
53 49 50 49 50 49
55 49 54 49 54 49
52 49 52 49 52 49
73 49 69 52 69 52
63 49 63 52 63 52
139 60 63 49 63 49
51 49 51 49 51 49
55 49 54 49 54 49
78 57 69 52 69 52
52 49 50 49 50 49
76 57 70 52 70 52
57 49 55 49 55 49
58 49 56 49 56 49
57 49 55 49 55 49
59 49 56 49 69 53
56 49 56 49 56 49
60 49 64 49 64 49
68 49 62 49 62 49
55 49 55 49 55 49
56 49 56 49 56 49
57 49 54 49 54 49
60 57 55 49 55 49
63 49 59 49 59 49
50 49 50 49 50 49
74 49 65 49 65 49
82 59 66 52 66 52
61 49 60 49 60 49
60 49 57 49 57 49
52 49 52 49 52 49
57 49 54 49 54 49
69 52 63 52 63 52
69 49 66 49 66 49
63 49 64 52 64 52
101 57 56 49 56 49
74 52 73 52 73 52
111 60 74 52 74 52
54 49 53 49 53 49
60 49 60 49 60 49
52 49 49 49 49 49
85 57 53 49 53 49
70 49 63 49 63 49
71 49 77 49 77 49
69 59 53 49 53 49
50 49 53 49 53 49
66 49 62 49 62 49
71 49 71 49 71 49
62 49 61 49 61 49
74 49 69 49 69 49
59 49 52 49 52 49
90 63 64 52 64 52
55 49 53 49 53 49
65 52 65 52 65 52
73 49 73 49 73 49
54 49 54 49 54 49
55 49 55 49 55 49
76 49 76 49 76 49
54 49 54 49 54 49
64 49 59 49 59 49
55 49 53 49 53 49
68 49 67 49 67 49
58 49 59 49 59 49
55 49 54 49 54 49
55 49 51 49 51 49
62 49 61 49 61 49
76 52 67 52 67 52
58 49 57 49 57 49
59 49 57 49 57 49
65 52 77 49 77 49
54 49 53 49 53 49
66 49 66 49 66 49
67 52 79 52 79 52
53 49 52 49 52 49
59 49 56 49 56 49
69 52 62 52 62 52
66 49 60 49 60 49
53 49 52 49 52 49
60 52 58 52 58 52
59 49 59 49 59 49
66 49 62 49 62 49
124 71 63 52 63 52
94 53 69 49 69 49
66 52 57 52 57 52
56 49 56 49 56 49
50 49 49 49 49 49
56 49 55 49 55 49
65 49 63 49 63 49
55 49 52 49 52 49
111 59 67 52 67 52
68 49 64 49 64 49
55 49 54 49 54 49
111 59 76 52 76 52
53 49 54 49 54 49
81 49 59 52 59 52
64 52 63 52 63 52
67 57 52 49 52 49
54 49 54 49 54 49
65 52 63 52 63 52
65 52 65 52 65 52
65 49 63 49 63 49
57 49 57 49 57 49
55 49 52 49 52 49
54 49 52 49 52 49
118 59 80 56 80 56
51 49 51 49 51 49
59 49 57 49 57 49
73 52 73 52 73 52
58 49 57 49 57 49
53 49 53 49 53 49
58 49 56 49 56 49
62 49 60 49 60 49
141 63 56 49 56 49
76 52 68 52 68 52
66 49 67 49 67 49
66 49 65 49 65 49
58 49 57 49 57 49
64 49 61 49 61 49
73 49 60 49 60 49
62 52 63 49 63 49
57 49 57 49 57 49
53 49 50 49 50 49
75 49 75 49 75 49
57 49 56 49 56 49
63 49 63 49 63 49
55 49 50 49 50 49
59 49 54 49 54 49
77 52 73 52 73 52
65 49 60 49 60 49
61 49 59 49 59 49
74 49 72 49 72 49
53 49 50 49 50 49
79 52 73 52 73 52
55 49 53 49 53 49
66 52 72 49 72 49
65 52 62 52 62 52
57 49 56 49 56 49
58 49 58 49 58 49
59 49 55 49 55 49
59 49 57 49 57 49
58 49 53 49 53 49
55 49 56 49 56 49
53 49 52 49 52 49
53 49 53 49 53 49
53 49 51 49 51 49
60 49 56 49 56 49
65 52 64 52 64 52
55 49 55 49 55 49
69 49 69 49 69 49
65 49 63 49 63 49
73 49 73 49 73 49
57 49 53 49 53 49
74 52 73 52 72 49
64 49 61 49 61 49
57 49 58 49 58 49
68 52 68 52 68 52
78 49 68 52 68 52
53 49 53 49 53 49
63 49 61 49 61 49
68 49 64 49 64 49
74 49 74 49 74 49
88 57 53 49 53 49
51 49 51 49 51 49
98 59 65 49 65 49
63 49 63 49 63 49
54 49 57 49 57 49
73 49 62 49 62 49
58 49 58 49 58 49
73 52 72 52 72 52
51 49 51 49 51 49
58 49 58 49 58 49
67 49 64 49 64 49
53 49 53 49 53 49
67 52 71 52 71 52
59 49 57 49 57 49
52 49 50 49 50 49
76 57 55 49 55 49
103 59 68 49 68 49
66 49 66 49 66 49
61 49 58 49 58 49
75 49 71 49 71 49
53 49 54 49 54 49
66 49 65 49 65 49
50 49 49 49 49 49
51 49 55 49 55 49
75 49 63 52 63 52
52 49 51 49 51 49
56 49 51 49 51 49
57 49 53 49 53 49
71 55 63 55 67 52
63 52 62 52 62 52
66 49 64 49 64 49
69 49 67 49 67 49
106 59 63 49 63 49
62 49 56 49 56 49
71 59 61 52 61 52
75 49 64 49 64 49
60 49 59 49 59 49
61 49 56 49 56 49
58 49 58 49 58 49
53 49 54 49 54 49
79 49 78 49 78 49
81 57 57 49 57 49
71 52 68 49 68 49
56 49 55 49 55 49
59 49 59 49 59 49
57 49 57 49 57 49
63 49 62 49 62 49
63 49 58 49 58 49
62 49 60 49 60 49
58 49 61 49 61 49
62 52 62 52 62 52
50 49 49 49 49 49
68 49 68 49 68 49
51 49 53 49 53 49
60 49 60 49 60 49
61 49 61 49 61 49
75 49 75 49 75 49
62 49 60 49 60 49
96 59 68 52 68 52
82 57 52 49 52 49
54 49 50 49 50 49
67 49 62 52 62 52
51 49 51 49 51 49
72 52 72 52 72 52
59 49 58 49 58 49
65 49 63 49 63 49
61 49 57 49 57 49
122 63 70 52 70 52
56 49 56 49 56 49
114 59 73 52 73 52
62 49 59 49 59 49
67 52 64 52 64 52
56 49 55 49 55 49
59 49 59 49 59 49
69 49 68 49 68 49
97 49 69 52 69 52
61 49 56 49 56 49
69 49 69 49 69 49
71 49 66 49 66 49
59 49 50 49 50 49
70 49 64 49 64 49
62 49 61 49 61 49
59 49 59 49 59 49
52 49 52 49 52 49
58 49 57 49 57 49
52 49 52 49 52 49
54 49 54 49 54 49
63 57 50 49 50 49
63 49 61 49 61 49
90 49 74 49 74 49
66 49 61 49 61 49
60 49 58 49 58 49
55 49 55 49 55 49
51 49 51 49 51 49
53 49 53 49 53 49
62 57 54 49 54 49
112 60 62 49 62 49
52 49 52 49 52 49
70 55 68 52 68 52
60 49 60 49 60 49
74 49 67 49 67 49
59 49 59 49 59 49
60 49 59 49 59 49
56 49 54 49 54 49
70 49 69 49 69 49
86 52 85 52 85 52
65 49 65 49 65 49
58 49 58 49 58 49
65 52 63 52 63 52
67 49 66 49 66 49
59 49 59 49 59 49
72 49 68 52 68 52
66 49 63 52 63 52
59 49 58 49 58 49
60 49 59 49 59 49
58 49 57 49 57 49
71 49 71 49 71 49
83 49 80 49 80 49
77 57 69 49 69 49
71 52 65 52 65 52
64 52 72 49 72 49
52 49 50 49 50 49
54 49 53 49 53 49
54 49 53 49 53 49
62 49 62 49 62 49
54 49 53 49 53 49
67 49 58 49 58 49
56 49 59 49 59 49
72 52 69 52 69 52
90 59 59 52 59 52
68 49 61 49 61 49
60 49 53 49 53 49
70 52 75 52 75 52
77 49 77 49 77 49
56 49 55 49 55 49
61 57 49 49 49 49
66 52 65 52 65 52
53 49 53 49 53 49
60 49 53 49 53 49
69 52 72 57 72 49
51 49 51 49 51 49
62 49 58 49 58 49
60 49 56 49 56 49
73 49 70 49 70 49
68 49 67 49 67 49
76 52 76 52 76 52
145 57 82 56 82 56
78 57 64 52 64 52
66 52 66 52 66 52
81 59 77 49 77 49
72 49 65 49 65 49
68 49 64 49 64 49
56 49 56 49 56 49
67 49 67 49 67 49
57 49 53 49 53 49
62 49 58 49 58 49
56 49 52 49 52 49
104 59 57 49 57 49
64 52 61 52 61 52
72 49 64 52 64 52
54 49 52 49 52 49
57 49 50 49 50 49
78 49 69 52 69 52
126 60 85 49 85 49
51 49 51 49 51 49
70 49 62 52 62 52
51 49 51 49 51 49
65 52 62 52 62 52
90 49 76 49 76 49
62 49 62 49 62 49
70 49 60 52 60 52
77 49 71 49 71 49
53 49 53 49 53 49
66 52 58 52 58 52
67 57 51 49 51 49
75 49 67 52 67 52
61 52 61 52 61 52
63 52 62 52 62 52
61 49 58 49 58 49
58 49 58 49 58 49
50 49 50 49 50 49
53 49 52 49 52 49
57 49 57 49 57 49
54 49 53 49 53 49
56 49 56 49 56 49
59 49 57 49 57 49
89 59 60 49 60 49
65 49 61 52 61 52
78 49 75 49 75 49
73 49 78 56 78 56
58 49 58 49 58 49
66 51 66 51 66 51
74 52 65 52 65 52
56 49 57 49 57 49
58 49 53 49 53 49
55 49 55 49 55 49
69 52 68 52 68 52
51 49 51 49 51 49
53 49 49 49 49 49
59 49 59 49 59 49
86 49 71 49 71 49
51 49 53 49 53 49
69 49 65 49 65 49
54 49 54 49 54 49
51 49 50 49 50 49
61 49 61 49 61 49
77 49 70 52 70 52
53 49 51 49 51 49
53 49 52 49 52 49
60 49 59 49 59 49
61 49 60 49 60 49
53 49 53 49 53 49
50 49 49 49 49 49
58 49 57 49 57 49
52 49 52 49 52 49
64 52 70 49 70 49
58 49 58 49 58 49
67 52 65 52 65 52
69 49 68 49 68 49
65 52 66 52 66 52
82 49 81 49 81 49
55 49 55 49 55 49
62 52 70 52 70 52
66 49 61 49 61 49
79 52 81 52 81 52
52 49 54 49 54 49
63 49 62 49 62 49
76 49 74 49 74 49
59 49 54 49 54 49
66 52 64 52 64 52
72 49 67 52 67 52
58 49 55 49 55 49
53 49 51 49 51 49
59 49 55 49 55 49
53 49 51 49 51 49
64 49 63 49 63 49
73 57 58 49 58 49
64 49 64 49 64 49
52 49 52 49 52 49
68 52 68 52 68 52
69 49 68 49 68 49
70 49 68 49 68 49
58 49 56 49 56 49
57 49 55 49 55 49
51 49 51 49 51 49
79 57 70 49 70 49
77 59 63 49 63 49
65 49 65 49 65 49
63 52 62 52 62 52
53 49 52 49 52 49
55 49 52 49 52 49
53 49 53 49 53 49
53 49 52 49 52 49
104 60 60 52 60 52
50 49 50 49 50 49
63 49 58 49 58 49
54 49 54 49 54 49
71 52 68 52 68 52
59 49 59 49 59 49
69 49 66 49 66 49
56 49 56 49 56 49
52 49 49 49 49 49
63 49 58 49 58 49
61 49 61 49 61 49
52 49 52 49 52 49
56 49 59 49 59 49
70 49 66 52 66 52
52 49 55 49 55 49
89 49 83 52 83 52
57 49 57 49 57 49
58 49 57 49 57 49
52 49 52 49 52 49
69 49 67 49 67 49
57 49 55 49 55 49
70 49 70 49 70 49
69 52 68 52 68 52
57 49 55 49 55 49
50 49 52 49 52 49
55 49 54 49 54 49
109 66 96 52 96 52
54 49 52 49 52 49
123 59 69 52 69 52
61 49 60 49 60 49
69 49 68 49 68 49
57 49 56 49 56 49
78 49 77 49 77 49
62 49 62 49 62 49
51 49 50 49 50 49
52 49 52 49 52 49
50 49 50 49 50 49
52 49 51 49 51 49
61 52 57 52 57 52
58 49 58 49 58 49
55 49 55 49 55 49
51 49 49 49 49 49
52 49 51 49 51 49
51 49 51 49 51 49
72 49 66 49 66 49
54 49 55 49 55 49
53 49 52 49 52 49
55 49 55 49 55 49
53 49 53 49 53 49
58 49 58 49 58 49
68 49 66 52 66 52
61 49 59 52 59 52
75 49 74 49 74 49
57 49 57 49 57 49
53 49 50 49 50 49
70 49 59 49 59 49
54 49 53 49 53 49
73 49 69 49 69 49
54 49 54 49 54 49
52 49 52 49 52 49
58 49 57 49 57 49
99 59 67 52 67 52
70 52 70 52 70 52
75 57 52 49 52 49
73 52 72 52 72 52
57 49 56 49 56 49
65 49 63 49 63 49
69 52 62 52 62 52
99 57 56 49 56 49
50 49 49 49 49 49
53 49 53 49 53 49
67 52 60 52 60 52
51 49 49 49 49 49
56 49 57 49 57 49
62 49 58 49 58 49
59 49 58 49 58 49
57 49 57 49 57 49
64 49 61 52 61 52
78 52 77 52 77 52
61 49 58 49 58 49
64 49 60 49 60 49
60 52 54 52 54 52
53 49 53 49 53 49
65 49 64 49 64 49
61 49 59 49 59 49
50 49 49 49 49 49
52 49 50 49 50 49
56 49 53 49 53 49
53 49 51 49 51 49
50 49 50 49 50 49
60 52 67 49 67 49
60 49 58 49 58 49
52 49 52 49 52 49
95 59 52 49 52 49
60 49 59 49 59 49
74 49 155 60 155 60
52 49 49 49 49 49
53 49 53 49 53 49
60 49 59 49 59 49
58 49 57 49 57 49
55 49 50 49 50 49
52 49 50 49 50 49
50 49 50 49 50 49
69 49 67 52 67 52
61 49 60 49 60 49
68 49 64 49 64 49
58 49 54 49 54 49
60 49 55 49 55 49
76 49 67 49 67 49
55 49 55 49 55 49
53 49 52 49 52 49
67 52 64 52 64 52
103 61 70 52 70 52
66 52 58 52 58 52
56 49 53 49 53 49
55 49 55 49 55 49
71 52 70 52 70 52
61 49 60 49 60 49
87 57 54 49 54 49
55 49 50 49 50 49
51 49 56 49 56 49
60 49 59 49 59 49
58 49 58 49 58 49
53 49 49 49 49 49
53 49 53 49 53 49
94 60 58 49 58 49
71 49 68 52 68 52
50 49 49 49 49 49
64 49 64 49 64 49
62 49 59 49 59 49
62 49 62 49 62 49
68 49 66 49 66 49
82 57 55 49 55 49
53 49 53 49 53 49
56 49 55 49 55 49
52 49 52 49 52 49
50 49 50 49 50 49
65 52 65 52 65 52
69 52 68 52 68 52
59 49 56 49 56 49
51 49 51 49 51 49
65 49 66 52 66 52
66 49 62 49 62 49
52 49 50 49 50 49
89 52 75 52 75 52
52 49 52 49 52 49
72 49 68 49 68 49
72 49 66 52 66 52
58 49 58 49 58 49
51 49 51 49 51 49
51 49 49 49 49 49
82 59 53 49 53 49
50 49 50 49 50 49
61 49 58 49 58 49
79 52 74 52 74 52
90 57 55 49 55 49
55 49 54 49 54 49
56 49 51 49 51 49
64 49 61 49 61 49
53 49 53 49 53 49
94 49 79 52 79 52
81 59 51 49 51 49
54 49 54 49 54 49
83 49 51 49 51 49
67 49 64 52 64 52
66 49 60 49 60 49
76 49 67 49 67 49
63 49 61 49 61 49
60 49 60 49 60 49
66 52 66 52 66 52
66 49 56 49 56 49
56 49 56 49 56 49
53 49 52 49 52 49
77 52 76 52 76 52
65 49 65 49 65 49
72 49 65 52 65 52
53 49 52 49 52 49
66 52 62 52 62 52
106 57 57 49 57 49
52 49 55 49 55 49
95 61 71 52 71 52
73 49 70 52 70 52
62 52 64 52 64 52
59 52 56 52 56 52
77 52 72 52 72 52
111 59 63 49 63 49
59 49 59 49 59 49
64 49 59 49 59 49
55 49 55 49 55 49
65 52 81 49 81 49
68 52 68 52 68 52
66 49 63 49 63 49
52 49 50 49 50 49
53 49 52 49 52 49
62 49 56 49 56 49
82 49 78 49 78 49
54 49 50 49 50 49
72 49 68 49 68 49
56 52 52 49 52 49
69 49 79 56 79 56
111 63 66 49 66 49
50 49 49 49 49 49
62 52 62 52 62 52
70 51 68 51 68 49
78 49 76 49 76 49
119 60 75 49 75 49
50 49 51 49 51 49
59 49 58 49 58 49
59 49 58 49 58 49
63 49 60 49 60 49
72 52 60 52 60 52
55 49 52 49 52 49
73 49 67 52 67 52
55 49 55 49 55 49
62 52 61 52 61 52
55 49 54 49 54 49
59 49 58 49 58 49
55 49 55 49 55 49
105 59 76 52 76 52
60 49 60 49 60 49
65 49 65 49 65 49
51 49 49 49 49 49
54 49 53 49 53 49
69 52 73 59 68 52
73 49 67 49 67 49
77 57 69 52 69 52
55 49 50 49 50 49
63 52 63 52 63 52
71 52 70 52 70 52
110 59 78 52 78 52
57 49 54 49 54 49
55 49 52 49 52 49
52 49 51 49 51 49
56 49 55 49 55 49
71 49 66 52 66 52
62 49 62 49 62 49
80 49 80 49 80 49
68 49 68 49 68 49
72 52 70 52 70 52
66 49 66 49 66 49
61 49 61 49 61 49
116 59 75 49 75 49
105 60 55 49 55 49
63 49 56 49 56 49
75 52 68 52 68 52
68 57 57 49 57 49
53 49 52 49 52 49
68 49 67 49 67 49
56 49 55 49 55 49
60 49 54 49 54 49
57 49 56 49 56 49
52 49 51 49 51 49
53 49 53 49 53 49
59 49 61 49 61 49
148 60 62 49 62 49
58 52 57 52 57 52
73 49 75 49 75 49
58 49 56 49 56 49
59 49 65 49 65 49
55 49 55 49 55 49
54 49 52 49 52 49
61 49 60 49 60 49
72 49 71 49 71 49
64 49 58 49 58 49
79 49 77 52 77 52
64 49 65 49 65 49
67 49 67 49 67 49
68 52 67 52 67 52
66 49 63 49 63 49
50 49 50 49 50 49
53 49 53 49 53 49
71 52 70 52 70 52
59 49 57 49 57 49
64 49 62 49 62 49
52 49 50 49 50 49
76 52 82 52 82 52
55 49 55 49 55 49
95 59 57 49 57 49
62 49 63 52 63 52
59 49 57 49 57 49
64 49 62 49 62 49
64 52 57 52 57 52
72 52 68 52 68 52
69 49 66 52 66 52
61 49 59 49 59 49
67 52 65 52 65 52
65 49 75 49 75 49
62 49 61 49 61 49
63 49 61 49 61 49
71 59 51 49 51 49
87 60 58 49 58 49
53 49 53 49 53 49
69 52 67 49 67 49
58 49 57 49 57 49
65 49 64 52 64 52
75 57 52 49 52 49
56 49 56 49 56 49
86 52 76 52 76 52
50 49 49 49 49 49
75 59 69 52 69 52
92 59 55 49 55 49
61 49 58 49 58 49
55 49 53 49 53 49
59 49 59 49 59 49
59 49 60 49 60 49
59 49 56 49 56 49
64 49 64 49 64 49
53 49 51 49 51 49
63 49 63 49 63 49
87 49 80 49 80 49
89 57 78 49 78 49
51 49 51 49 51 49
55 49 53 49 53 49
71 49 70 49 70 49
52 49 51 49 51 49
59 49 56 49 56 49
61 49 60 49 60 49
52 49 49 49 49 49
71 49 62 49 62 49
76 49 69 49 69 49
64 49 60 49 60 49
50 49 50 49 50 49
67 52 69 52 69 52
62 49 61 49 59 53
55 49 55 49 55 49
54 49 53 49 53 49
57 49 52 49 52 49
59 49 57 49 57 49
81 57 65 49 65 49
54 49 51 49 51 49
57 49 53 49 53 49
102 59 63 49 63 49
72 49 70 52 70 52
52 49 51 49 51 49
58 49 58 49 58 49
53 49 50 49 50 49
57 49 61 49 61 49
53 49 53 49 53 49
52 49 54 49 54 49
59 49 59 49 59 49
59 49 55 49 55 49
70 52 65 52 65 49
60 49 58 49 58 49
51 49 51 49 51 49
52 49 52 49 52 49
57 49 55 49 55 49
76 52 77 52 77 52
64 49 63 49 63 49
74 52 68 52 68 52
53 49 53 49 53 49
53 49 49 49 49 49
55 49 51 49 51 49
77 59 64 49 64 49
63 49 63 49 63 49
65 49 65 49 65 49
73 52 73 52 73 52
53 49 53 49 53 49
71 52 70 52 70 52
59 49 53 49 53 49
58 49 58 49 58 49
79 52 73 52 73 52
68 57 53 49 53 49
59 49 53 49 53 49
54 49 50 49 50 49
59 49 59 49 59 49
58 49 67 49 67 49
58 49 57 49 57 49
72 49 70 49 70 49
71 52 62 52 62 52
63 52 65 49 65 49
144 69 59 49 59 49
53 49 53 49 53 49
56 49 52 49 52 49
57 49 57 49 57 49
68 52 67 52 67 52
51 49 51 49 51 49
59 49 58 49 58 49
52 49 53 49 53 49
54 49 53 49 53 49
52 49 52 49 52 49
55 49 54 49 54 49
53 49 53 49 53 49
70 49 64 52 64 52
67 49 69 49 69 49
69 49 68 49 68 49
58 49 58 49 58 49
71 49 68 49 68 49
55 49 51 49 51 49
70 49 66 49 66 49
60 49 58 49 58 49
62 49 59 49 59 49
58 49 58 49 58 49
112 57 62 49 62 49
63 49 59 49 59 49
100 59 67 52 67 52
59 49 58 49 58 49
64 49 64 49 64 49
60 49 60 49 60 49
52 49 52 49 52 49
89 59 55 49 55 49
86 57 57 49 57 49
58 49 56 49 56 49
62 52 56 52 56 52
92 49 54 49 54 49
52 49 52 49 52 49
70 49 69 49 69 49
83 52 62 52 62 52
51 49 49 49 49 49
57 49 52 49 52 49
63 49 60 49 60 49
64 52 66 49 66 49
53 49 51 49 51 49
58 49 57 49 57 49
51 49 51 49 51 49
105 59 69 49 69 49
62 49 62 49 62 49
58 49 57 49 57 49
61 52 61 52 61 52
53 49 53 49 53 49
55 49 55 49 55 49
69 49 67 49 67 49
53 49 49 49 49 49
56 49 54 49 54 49
51 49 49 49 49 49
76 49 62 52 62 52
68 49 60 52 60 52
53 49 53 49 53 49
67 52 67 52 67 52
54 49 50 49 50 49
56 49 56 49 56 49
60 49 59 49 59 49
64 52 63 52 63 52
57 49 57 49 57 49
52 49 51 49 51 49
54 49 52 49 52 49
52 49 52 49 52 49
50 49 50 49 50 49
63 59 51 49 51 49
75 49 68 52 68 52
66 52 65 52 65 52
66 49 66 49 66 49
62 49 62 49 62 49
59 49 52 49 52 49
65 49 64 49 64 49
55 49 51 49 51 49
72 49 63 49 63 49
53 49 52 49 52 49
68 52 71 52 71 52
52 49 52 49 52 49
56 49 54 49 54 49
71 49 71 49 71 49
54 49 54 49 54 49
77 52 71 52 71 52
57 49 57 49 57 49
57 49 57 49 57 49
57 49 57 49 57 49
63 49 57 49 57 49
87 57 85 49 85 49
58 49 54 49 54 49
81 49 72 49 72 49
59 49 56 49 56 49
54 49 54 49 54 49
57 52 56 52 56 52
54 49 54 49 54 49
57 49 56 49 56 49
54 49 54 49 54 49
71 49 69 49 69 49
62 52 57 52 57 52
58 49 56 49 56 49
62 49 61 49 61 49
72 49 70 52 70 52
75 52 72 52 72 52
53 49 51 49 51 49
57 49 57 49 57 49
59 49 59 49 59 49
60 49 55 49 55 49
65 52 71 49 71 49
50 49 49 49 49 49
59 49 58 49 58 49
68 49 59 49 59 49
57 49 58 49 58 49
67 49 61 49 61 49
115 59 68 52 68 52
65 49 58 49 58 49
76 52 66 52 66 52
80 49 68 52 68 52
65 49 64 49 64 49
50 49 49 49 49 49
52 49 50 49 50 49
50 49 49 49 49 49
63 52 62 52 62 52
63 49 63 49 63 49
58 49 58 49 58 49
69 49 68 49 68 49
65 49 62 49 62 49
63 49 57 49 57 49
57 49 56 49 56 49
59 49 56 49 56 49
51 49 51 49 51 49
59 49 60 49 60 49
61 52 58 52 58 52
68 49 63 49 63 49
114 59 78 52 78 52
92 59 54 49 54 49
52 49 51 49 51 49
52 49 50 49 50 49
62 49 60 49 60 49
60 49 55 49 55 49
61 49 61 49 61 49
59 49 57 49 57 49
52 49 52 49 52 49
52 49 52 49 52 49
64 49 64 49 64 49
55 49 55 49 55 49
56 49 56 49 56 49
67 52 65 52 65 52
52 49 49 49 49 49
50 49 50 49 50 49
60 49 59 49 59 49
54 49 54 49 54 49
72 49 71 49 71 49
79 49 74 49 74 49
66 49 59 52 59 52
52 49 52 49 52 49
58 49 56 49 56 49
75 49 67 52 67 52
51 49 51 49 51 49
64 49 63 49 63 49
112 59 61 49 61 49
56 49 55 49 55 49
56 49 54 49 54 49
73 49 68 49 68 49
102 60 70 52 70 52
53 49 52 49 52 49
53 49 51 49 51 49
57 49 56 49 56 49
53 49 50 49 50 49
count: 1000
DIJ: 49655 59887
DSTARLITE: 50379 64642
DSTARLITELABEL: 0 0
ASTAR: 49637 59896
RUNTIME: 1359 696 0 1273
