36 31 34 31 34 31
32 31 31 31 31 31
39 35 34 31 34 31
41 31 40 31 40 31
32 31 32 31 32 31
38 31 36 31 36 31
37 31 31 31 31 31
40 33 41 33 38 33
33 31 33 31 33 31
35 33 34 33 34 33
34 31 33 33 33 33
34 31 32 31 32 31
32 31 33 33 33 33
39 31 38 31 38 31
32 31 31 31 31 31
32 31 31 31 31 31
34 31 32 31 32 31
33 31 31 31 31 31
32 31 31 31 31 31
34 31 32 31 32 31
35 31 34 31 34 31
33 31 32 31 32 31
34 31 33 31 33 31
32 31 31 31 31 31
37 31 33 33 33 33
40 33 36 33 36 33
35 31 34 33 34 33
38 31 31 31 31 31
34 33 33 33 33 33
39 31 36 33 37 31
34 31 32 31 32 31
35 31 34 31 34 31
39 33 38 33 54 41
33 31 33 31 31 31
33 31 32 31 49 41
38 31 32 31 32 31
35 31 34 31 34 31
33 31 32 31 32 31
34 31 31 31 31 31
33 31 31 31 31 31
39 33 36 33 36 33
32 31 32 31 32 31
32 31 31 31 31 31
34 33 34 33 34 33
36 31 35 33 35 33
32 31 31 31 31 31
42 31 34 31 51 41
33 31 33 31 33 31
36 31 31 31 31 31
33 31 32 31 32 31
41 33 36 33 36 33
39 33 32 31 32 31
33 31 32 31 32 31
33 31 31 31 31 31
33 31 31 31 31 31
33 31 31 31 31 31
36 31 34 31 34 31
32 31 32 31 32 31
35 31 33 31 33 31
34 33 33 33 33 33
36 33 33 33 37 35
34 31 34 31 33 31
33 31 33 31 33 31
37 31 34 31 34 31
38 31 33 31 33 31
33 31 32 31 32 31
32 31 33 31 33 31
36 33 38 33 38 31
37 31 35 31 35 31
32 31 32 31 32 31
34 31 31 31 31 31
35 31 33 31 33 31
34 31 33 31 33 31
35 31 34 31 34 31
34 31 33 31 33 31
41 31 36 31 36 31
32 31 31 31 31 31
39 31 33 31 33 31
36 31 52 33 52 33
35 31 34 31 34 31
39 31 38 33 39 33
49 31 35 31 35 31
36 31 32 31 32 31
32 31 32 31 32 31
32 31 31 31 31 31
32 31 32 31 31 31
34 31 32 31 32 31
38 31 38 33 38 33
35 31 33 31 33 31
43 33 41 33 44 31
36 31 35 33 35 33
51 33 41 31 41 31
37 33 34 31 34 31
35 33 34 33 34 33
33 31 31 31 31 31
32 31 32 31 32 31
33 31 34 33 31 31
32 31 31 31 31 31
33 31 32 31 32 31
43 31 36 31 36 31
35 31 32 31 31 31
36 31 31 31 31 31
34 33 33 33 34 33
39 33 37 33 37 33
32 31 33 33 33 33
41 33 40 33 40 31
33 31 41 35 32 31
33 31 34 33 35 33
33 31 32 31 32 31
34 31 31 31 31 31
33 31 31 31 31 31
32 31 31 31 31 31
35 31 34 31 34 31
37 33 36 33 38 31
37 31 35 31 35 31
37 31 38 33 34 33
40 31 39 31 39 31
34 31 33 31 33 31
40 31 35 31 35 31
35 33 31 31 44 41
32 31 31 31 31 31
42 33 33 31 33 31
34 33 34 33 34 33
32 31 31 31 31 31
32 31 47 31 47 31
32 31 31 31 31 31
34 31 31 31 31 31
46 31 36 31 56 41
33 31 45 31 45 31
39 33 36 31 36 31
32 31 31 31 31 31
36 31 33 31 33 31
37 33 37 33 37 33
37 31 33 31 33 31
34 33 33 33 33 33
34 31 33 31 33 31
45 31 39 33 37 31
34 33 33 33 33 33
34 31 32 31 32 31
33 31 33 33 34 33
35 31 31 31 31 31
34 33 33 31 34 33
41 31 39 31 39 31
34 31 31 31 31 31
33 31 32 31 32 31
35 31 32 31 32 31
32 31 31 31 31 31
45 31 45 33 45 31
34 31 47 33 47 33
39 31 40 33 38 31
41 31 40 31 41 31
45 31 35 31 35 31
42 33 41 33 43 31
32 31 31 31 31 31
37 31 31 31 31 31
34 31 33 31 33 31
32 31 31 31 31 31
32 31 31 31 31 31
35 33 34 33 35 33
32 31 34 33 34 33
33 31 31 31 31 31
32 31 32 31 32 31
33 31 32 31 32 31
34 31 33 31 47 41
33 31 43 31 43 31
33 31 33 31 33 31
32 31 32 31 32 31
33 31 33 31 33 31
34 31 33 31 33 31
40 31 39 31 39 31
32 31 31 31 31 31
33 31 32 31 31 31
34 31 32 31 32 31
32 31 31 31 31 31
35 31 33 31 32 31
36 31 33 31 33 31
33 31 33 33 35 35
35 31 32 31 32 31
33 31 33 31 33 31
43 35 39 33 42 31
33 31 32 31 32 31
33 31 33 31 45 41
32 31 31 31 31 31
35 31 34 31 34 31
34 31 33 31 33 31
34 33 31 31 31 31
35 31 34 31 34 31
37 31 31 31 31 31
40 33 39 33 41 31
38 33 36 33 36 31
37 31 36 31 36 31
35 31 34 31 34 31
41 33 40 33 40 33
36 33 36 33 36 33
33 31 32 31 32 31
38 31 37 31 37 31
34 33 35 33 35 33
35 31 34 33 34 33
35 31 32 31 32 31
40 31 39 33 39 33
count: 200
DIJ: 6308 6797
DSTARLITE: 6280 7083
DSTARLITELABEL: 0 0
ASTAR: 6352 6902
RUNTIME: 2146 208 0 1018
