83 66 83 66 85 68
92 75 101 75 101 75
123 82 111 80 139 69
100 78 98 78 101 77
86 75 95 80 89 75
104 75 104 75 110 66
98 75 95 78 95 78
75 66 75 66 75 66
131 82 119 82 140 68
87 66 101 74 88 71
94 66 97 66 97 66
114 84 112 84 112 77
99 77 99 77 99 77
120 78 103 79 102 69
147 73 144 73 147 73
112 75 104 75 145 73
81 66 95 73 95 73
154 88 120 79 120 79
84 66 84 66 90 72
93 77 85 75 85 75
107 82 107 75 104 77
104 77 107 77 110 77
82 68 82 68 82 68
85 66 85 66 85 66
129 80 106 75 132 68
87 66 77 66 77 68
103 80 98 77 156 75
135 80 128 79 135 66
109 73 90 71 88 68
106 77 110 77 111 77
96 68 121 78 121 78
81 75 82 68 82 68
90 78 89 78 125 78
67 66 79 78 79 78
112 75 98 75 122 76
108 82 100 80 163 68
68 66 68 66 68 66
102 69 94 69 94 69
110 75 104 75 133 69
87 69 82 69 82 69
93 77 92 75 145 72
103 78 103 80 105 69
107 78 104 78 135 71
94 75 98 75 111 66
102 79 116 85 116 85
68 66 66 66 66 66
95 75 95 75 123 70
84 68 84 68 84 68
98 75 97 75 133 68
68 66 72 66 72 66
98 78 98 78 98 78
108 75 106 75 106 75
122 75 151 84 162 66
94 68 93 68 93 68
120 80 122 80 138 68
119 75 106 75 139 73
118 75 117 82 117 82
114 78 96 78 117 66
97 66 97 66 97 66
106 80 105 78 106 82
72 66 72 66 72 69
121 82 112 75 112 75
102 75 115 78 115 78
134 79 115 78 151 76
93 78 93 78 93 78
102 75 100 75 100 78
109 78 106 78 106 78
231 85 127 75 159 76
78 72 70 66 70 66
97 77 101 81 114 68
68 66 67 66 86 78
76 66 95 79 95 79
76 66 68 66 68 66
115 78 110 78 132 68
126 82 97 77 96 77
133 77 96 75 97 79
99 78 99 78 156 66
109 78 103 80 113 68
90 75 92 66 92 66
96 71 94 71 93 70
91 75 91 75 91 75
119 82 98 82 99 82
103 75 93 75 120 78
93 69 115 87 128 79
120 77 115 77 165 83
71 69 71 69 71 69
136 77 126 87 136 90
125 79 126 78 137 66
108 82 114 78 113 89
88 78 88 78 88 77
139 73 123 78 130 75
107 75 103 78 108 78
138 75 134 75 171 66
92 73 80 69 80 69
100 80 104 80 105 69
99 75 110 79 116 82
101 66 99 66 94 68
97 75 106 77 106 77
141 89 97 68 97 68
133 79 102 77 102 77
114 77 122 78 114 77
113 73 132 78 114 69
107 75 101 75 117 69
105 75 105 77 108 68
113 75 108 75 150 83
103 74 114 84 106 69
68 66 74 69 74 69
116 75 116 75 118 66
108 85 92 75 111 73
106 77 96 75 132 80
83 66 83 70 83 70
114 78 112 78 130 68
90 66 84 66 84 69
102 78 102 78 135 76
133 75 119 77 136 66
78 68 74 68 74 68
94 66 92 66 92 66
87 66 84 66 84 66
93 78 94 69 94 69
119 79 102 75 147 74
114 78 122 78 127 77
87 68 84 66 83 68
87 71 88 71 87 71
93 66 88 66 116 69
115 80 114 80 126 87
124 82 125 75 136 69
119 78 98 75 135 68
107 68 74 70 76 71
147 78 124 77 184 76
103 82 96 77 96 77
97 75 100 78 104 82
109 69 109 80 94 75
113 77 104 75 106 66
96 75 90 75 98 75
85 73 95 75 95 75
71 68 68 66 70 68
97 77 97 77 94 66
96 66 94 66 83 75
71 69 71 69 71 69
105 78 104 78 124 81
109 75 93 75 93 75
112 75 106 75 135 66
86 77 88 77 96 66
134 84 135 86 159 73
111 75 95 75 114 66
86 68 80 68 80 68
111 78 110 78 110 78
81 66 81 66 81 66
107 75 110 75 122 66
77 66 69 66 69 66
100 78 100 78 100 78
104 77 104 77 103 69
103 79 83 68 86 68
94 75 93 75 148 71
106 78 106 78 163 70
177 84 171 84 143 75
103 78 103 78 140 73
93 75 113 87 138 75
116 78 115 78 116 78
98 78 97 78 94 69
140 74 140 74 140 68
110 85 92 75 92 75
90 78 92 81 119 69
113 77 108 77 108 77
107 78 109 78 109 69
104 77 97 75 99 77
101 75 104 75 104 75
67 66 83 76 83 76
126 80 118 69 138 66
145 75 124 73 146 76
132 84 113 78 133 73
97 75 97 75 97 75
98 69 93 83 98 69
112 78 107 75 119 68
104 75 131 77 171 83
109 77 98 77 98 77
105 75 100 75 100 75
103 66 103 66 94 75
135 78 123 77 141 69
76 74 71 66 71 66
102 78 105 82 101 71
136 75 130 82 136 66
109 80 106 77 106 66
80 66 74 68 74 68
126 78 125 77 125 77
111 75 122 87 159 76
114 75 99 78 99 78
90 68 93 70 80 68
115 75 105 75 105 75
112 78 123 78 150 73
108 75 107 75 112 81
95 69 92 66 92 66
99 75 101 75 123 69
110 78 101 78 121 76
82 66 82 66 82 66
113 75 103 77 104 68
95 68 87 68 87 68
111 82 112 75 113 75
100 78 104 75 104 75
101 75 100 75 114 66
count: 200
DIJ: 14970 20154
DSTARLITE: 14950 20854
DSTARLITELABEL: 0 0
ASTAR: 14459 21949
RUNTIME: 5564 724 0 2997
