22 21 21 21
22 21 21 21
22 21 21 21
22 21 21 21
22 21 22 21
147 76 161 76
327 86 313 82
968 106 206 76
821 79 1045 79
150 80 150 78
348 76 250 92
145 76 145 76
161 76 161 76
142 81 112 79
245 84 242 76
262 79 227 84
176 79 176 79
178 80 179 76
212 82 242 82
266 83 266 85
223 86 150 79
199 100 199 100
310 83 310 79
130 79 144 79
293 82 293 80
142 82 135 82
229 79 264 79
218 79 222 80
454 79 400 79
210 79 210 79
133 79 151 79
214 80 199 80
290 93 290 90
262 80 262 80
222 79 222 79
336 90 360 85
254 76 307 84
414 82 290 84
278 76 223 82
550 86 550 98
428 111 226 96
257 80 217 76
199 76 247 80
281 80 270 80
256 83 231 85
226 79 224 79
238 116 170 88
159 90 146 79
363 80 363 80
307 84 219 76
172 76 172 76
157 83 149 79
174 76 194 82
267 83 220 79
445 140 297 80
296 76 212 76
108 80 117 80
172 76 174 76
258 81 306 99
342 100 269 80
