105 38 50 38
56 40 56 40
55 39 56 40
136 51 62 40
42 38 69 43
50 38 46 38
46 43 48 43
40 38 45 40
74 48 56 38
61 38 58 38
49 38 51 49
79 38 55 38
125 45 67 40
54 38 109 48
80 38 47 40
63 40 69 45
53 43 60 46
66 47 45 40
86 43 57 40
121 40 123 59
100 51 55 40
79 38 70 45
86 38 59 43
59 38 54 38
97 38 43 40
131 43 49 43
113 40 84 38
50 38 50 38
53 38 44 38
54 39 64 48
64 38 73 48
73 49 40 38
49 38 45 38
42 40 42 38
47 38 50 39
54 38 54 39
82 48 60 38
41 40 49 43
43 38 40 38
47 38 47 38
240 38 80 45
75 47 75 47
49 43 44 43
53 38 43 38
159 38 48 38
89 45 44 42
82 54 71 48
50 40 55 40
47 38 49 43
70 45 58 40
45 38 42 40
115 47 82 54
50 48 63 43
44 38 47 38
54 44 54 43
94 51 43 38
42 38 43 38
86 42 54 42
61 43 61 45
52 38 46 38
54 40 51 43
47 40 63 46
44 38 39 38
46 38 48 43
45 43 45 44
92 43 56 38
46 38 39 38
66 38 55 46
49 38 49 38
56 38 58 40
60 38 60 38
58 40 63 43
45 38 54 40
62 38 60 40
67 38 60 38
113 40 53 38
101 43 146 45
54 38 54 38
54 38 54 38
58 38 47 38
51 39 51 39
40 38 40 38
55 38 46 38
46 38 49 43
41 38 50 40
45 38 55 40
86 38 83 40
59 39 94 43
43 38 52 47
105 38 65 38
70 43 50 38
73 38 49 43
51 38 51 38
124 38 53 40
75 42 99 48
67 38 67 38
184 38 193 51
53 43 40 38
47 38 105 57
55 38 46 38
50 40 50 40
75 38 77 43
75 38 75 40
50 38 45 42
59 38 62 40
49 38 53 38
69 43 105 45
92 38 69 40
79 38 94 56
53 38 53 38
48 38 42 39
69 38 69 38
67 40 44 38
44 43 46 38
111 38 176 38
56 39 55 38
55 40 67 40
42 38 45 38
52 38 91 45
51 38 58 45
72 38 49 39
61 38 52 39
54 38 54 39
147 40 44 38
165 45 60 40
80 40 66 39
85 38 59 42
54 45 57 38
59 45 50 44
56 43 42 38
53 38 53 38
123 56 71 48
79 38 67 39
59 38 74 40
54 39 50 45
147 48 55 40
59 43 55 43
51 40 85 40
55 38 55 38
52 38 51 38
62 42 44 38
53 38 73 38
161 48 83 47
46 40 74 43
71 40 54 38
49 38 88 60
49 38 90 42
138 52 47 39
45 38 51 40
110 62 76 40
158 40 72 48
46 40 50 40
60 38 62 38
76 45 64 53
62 39 62 38
69 38 59 38
44 39 44 39
54 38 72 48
60 38 56 48
60 38 50 40
59 38 76 38
80 40 45 40
63 38 72 40
51 38 58 45
65 38 60 42
53 38 53 40
136 39 95 47
122 40 80 45
53 38 53 39
179 46 64 43
49 38 47 40
85 38 100 45
64 43 49 44
45 38 54 47
51 38 49 38
61 43 57 45
47 43 47 43
63 38 79 49
44 38 50 38
65 40 67 40
61 38 55 40
71 44 74 38
40 38 40 38
52 40 52 40
58 38 47 38
131 47 91 38
72 38 56 38
87 52 51 43
78 47 57 45
69 51 42 38
69 38 69 38
61 43 54 38
48 38 50 38
75 40 55 40
53 40 53 40
93 40 48 40
51 38 51 38
45 38 50 38
44 38 49 47
46 38 51 45
49 38 43 40
55 38 63 49
47 38 44 40
42 38 45 44
51 38 39 38
75 39 83 40
65 38 104 45
234 47 47 43
55 38 107 40
86 45 86 45
197 59 82 42
59 45 44 43
97 42 79 45
67 38 81 48
61 42 65 48
49 38 48 38
49 38 48 38
48 39 47 38
41 38 56 38
45 38 41 38
58 38 59 40
51 38 96 48
56 40 46 39
53 38 53 39
65 43 105 45
48 38 45 40
47 43 89 51
53 43 47 44
89 54 77 38
63 38 42 39
60 38 68 40
46 38 51 43
57 43 61 38
67 38 48 38
69 54 64 39
70 45 51 45
50 43 42 40
62 38 91 38
64 43 64 43
44 38 42 38
78 40 55 43
54 38 54 38
50 38 41 38
49 40 62 40
80 40 70 45
46 38 46 39
50 38 64 48
57 38 44 38
65 40 49 39
105 47 56 42
51 38 84 48
44 38 59 40
51 38 58 45
69 38 88 38
69 43 61 43
56 38 49 43
63 52 54 40
89 38 89 39
48 39 74 53
52 44 52 45
69 38 69 38
91 52 56 38
101 40 42 38
68 38 57 39
191 40 52 44
102 42 51 43
53 38 64 42
60 38 50 43
264 86 59 43
98 46 57 49
138 51 84 46
42 38 42 38
53 38 53 38
123 55 93 43
54 38 48 40
41 38 49 38
56 38 70 45
69 38 64 43
87 38 49 38
51 40 39 38
250 49 415 61
67 43 97 52
75 47 75 48
62 38 54 40
63 46 65 46
79 38 70 45
148 57 95 40
46 43 49 38
90 38 57 43
105 40 74 44
47 39 47 38
58 45 46 40
58 38 43 38
60 38 47 38
57 38 53 38
63 38 50 38
49 38 44 38
56 38 56 38
106 40 66 38
86 49 56 38
62 43 59 38
120 43 82 43
61 38 47 39
89 45 61 40
54 38 54 38
58 38 46 40
53 38 40 39
60 43 63 46
122 47 57 40
48 40 54 38
64 38 69 42
60 38 61 38
79 43 79 56
40 38 52 38
101 40 50 40
52 40 50 38
57 43 51 40
54 43 76 47
59 43 53 43
91 51 78 47
63 38 65 38
53 38 57 38
71 43 76 43
57 47 58 40
76 38 54 38
72 43 72 44
49 38 46 43
44 38 44 38
60 39 52 40
46 39 74 38
48 38 65 45
50 40 43 40
67 38 114 56
65 43 76 38
57 40 54 39
53 38 57 43
51 47 45 40
50 38 45 38
44 38 49 39
52 43 62 43
69 40 58 40
79 43 56 40
62 40 50 43
59 43 56 43
71 40 64 48
66 38 64 38
61 38 61 38
49 38 45 38
146 38 75 40
150 54 57 39
52 38 82 39
45 43 55 42
78 40 45 40
61 38 80 38
79 40 79 38
84 52 76 48
54 48 49 40
66 40 49 40
115 38 49 38
124 46 62 39
40 38 40 38
57 38 45 40
44 38 40 38
50 40 64 48
46 38 50 38
68 38 42 38
45 40 43 40
57 38 49 39
51 43 49 38
49 38 49 39
200 38 57 40
81 40 81 40
86 40 86 40
131 40 77 40
111 40 60 43
61 40 59 38
68 40 50 40
86 38 46 43
45 43 57 38
53 38 51 39
51 38 51 38
50 38 40 38
94 40 75 48
45 38 54 44
57 38 57 38
52 38 54 38
48 38 68 47
158 40 94 43
52 45 55 40
53 38 75 46
83 44 95 43
63 39 89 43
53 38 116 62
46 38 69 45
76 52 50 38
42 38 42 39
90 40 58 40
74 40 74 40
51 38 41 38
50 42 55 38
47 38 43 40
249 49 88 38
105 53 70 45
83 38 76 42
46 38 48 38
61 38 53 40
53 40 40 40
67 51 42 40
48 38 41 38
43 38 43 38
56 40 56 47
125 40 44 38
43 38 39 38
64 40 60 44
58 38 57 38
55 45 71 43
77 43 68 45
53 38 47 38
54 38 68 40
48 40 50 38
65 38 65 38
52 38 53 40
51 40 51 40
170 59 56 43
71 40 73 44
62 38 62 40
68 49 39 38
125 38 63 38
60 47 46 40
76 42 62 47
67 38 46 38
61 43 48 43
55 38 71 40
72 38 56 44
74 45 46 38
95 40 48 40
82 40 61 45
172 38 141 48
46 38 46 38
48 38 58 38
69 38 56 38
49 38 43 39
54 38 41 40
86 40 86 40
78 38 68 40
51 38 73 45
68 43 73 48
39 38 39 38
50 38 50 40
119 47 60 43
55 38 57 45
83 40 59 45
80 38 49 40
46 38 52 38
43 38 43 39
66 38 54 46
44 38 49 38
80 38 70 40
45 38 45 38
63 38 63 38
50 45 65 45
72 38 79 38
65 38 48 40
52 38 65 45
48 40 48 38
122 45 103 40
74 40 91 48
45 38 65 44
51 39 57 38
64 52 43 38
61 42 82 40
82 50 82 50
68 38 68 38
110 38 45 40
66 38 45 40
70 38 46 38
113 43 46 42
181 40 67 45
71 40 71 45
75 47 74 43
58 38 61 38
107 60 65 38
48 38 52 38
72 42 44 40
51 38 39 38
52 38 51 39
88 43 57 38
57 38 43 40
49 43 49 40
55 48 44 38
92 42 51 43
58 38 50 38
56 45 55 38
63 38 50 40
45 38 40 38
55 38 52 40
59 42 54 40
61 38 59 40
65 38 69 40
69 50 49 43
85 43 51 43
40 38 57 40
79 40 61 38
93 38 71 44
46 38 41 38
69 42 62 38
48 43 45 43
132 48 55 48
46 43 46 43
63 38 63 38
49 38 59 43
105 43 78 46
45 38 65 43
103 38 48 40
63 38 52 40
44 38 54 47
57 38 57 38
52 38 55 40
61 50 58 40
86 38 98 40
52 40 52 40
189 52 53 38
62 42 67 38
43 39 40 39
145 74 48 44
83 43 98 45
61 38 61 38
58 52 41 40
70 54 51 40
80 45 85 44
54 38 53 40
90 47 74 40
60 38 58 48
57 38 62 40
76 38 57 38
87 43 46 40
64 45 44 38
66 43 66 43
63 40 45 39
46 38 46 40
42 38 55 38
47 40 39 38
233 38 63 38
48 38 48 39
49 43 57 40
72 45 65 38
55 40 55 40
61 40 93 47
48 38 48 38
63 38 54 38
57 43 67 38
88 45 54 38
70 43 83 49
80 43 50 42
42 38 56 40
72 40 93 55
74 48 67 45
50 38 50 40
48 43 58 42
84 51 56 40
51 43 51 44
47 38 40 38
53 42 46 38
55 40 55 40
48 38 54 47
46 38 46 39
70 40 51 38
49 38 49 38
74 40 53 38
63 45 61 45
66 40 63 43
89 38 83 43
74 40 45 40
62 38 55 38
70 48 63 43
71 38 51 38
47 40 47 38
42 39 42 38
45 38 45 38
49 38 43 38
52 43 42 38
49 38 38 38
66 43 47 43
88 38 79 40
71 45 48 38
54 38 44 38
47 38 46 38
84 38 78 49
63 38 45 38
64 38 42 40
44 40 46 39
55 38 55 38
156 40 64 40
39 38 39 38
51 38 61 44
53 40 46 40
67 43 89 57
67 38 54 38
52 38 47 38
49 43 49 43
58 43 61 38
83 38 79 43
82 43 82 43
49 38 49 38
125 47 73 47
90 38 46 38
53 38 53 38
64 40 71 38
84 40 65 38
63 40 50 38
68 38 52 38
57 38 50 38
58 38 45 38
49 38 47 40
75 43 50 44
55 43 50 38
51 43 51 43
48 38 48 40
58 38 47 40
60 44 48 38
52 43 46 43
91 47 49 38
105 49 76 40
72 38 49 40
46 43 49 38
176 40 43 40
41 38 47 38
49 42 53 40
47 38 67 40
64 38 41 38
55 38 55 38
62 38 60 45
100 45 60 40
52 38 46 40
90 51 50 40
55 43 60 47
68 48 62 38
69 43 79 51
45 40 42 40
42 40 58 43
48 38 57 40
62 38 44 38
55 38 49 38
77 42 78 49
71 38 51 38
67 43 58 45
61 43 48 40
72 45 49 38
47 38 57 43
45 38 47 43
98 49 59 50
54 43 79 45
78 38 70 40
42 38 43 38
60 43 41 38
80 38 71 38
164 52 73 45
65 38 50 40
49 38 44 38
111 42 41 40
58 38 99 51
44 40 47 40
45 38 58 43
40 38 38 38
39 38 43 38
60 38 64 38
105 40 42 40
68 40 57 43
44 43 44 44
64 43 60 42
48 43 48 44
52 38 44 38
60 38 57 38
96 38 71 46
45 38 40 38
111 45 43 40
74 38 65 38
78 43 81 40
52 40 49 40
49 40 52 44
62 43 77 38
88 49 63 51
89 43 53 43
65 38 59 38
61 43 72 63
55 38 72 40
55 38 61 45
58 40 47 38
49 38 58 39
75 40 57 45
50 38 39 38
51 40 44 38
72 38 57 39
49 43 71 49
41 38 46 38
93 40 73 45
51 38 66 43
66 43 63 40
64 38 54 39
54 43 54 43
72 38 79 38
