51 47 42 40
128 40 40 39
67 54 53 40
44 38 41 38
62 38 58 43
83 47 80 39
125 47 63 46
206 53 93 54
95 38 49 40
50 38 66 44
79 40 45 40
54 39 68 48
52 42 52 40
65 38 46 38
57 39 53 40
61 40 61 42
81 38 79 38
77 38 61 45
98 40 59 40
57 43 60 44
127 38 66 43
43 38 51 45
45 40 42 40
54 38 61 38
47 40 45 40
67 45 73 45
54 40 54 38
58 43 54 40
63 43 42 39
82 47 58 40
121 40 47 38
56 43 55 43
91 40 91 40
59 38 51 38
90 40 47 45
57 38 57 38
45 40 43 38
41 38 41 38
72 42 48 38
52 38 46 40
123 50 44 40
81 45 53 48
55 43 54 45
51 38 48 38
52 40 52 40
62 43 67 45
48 38 48 40
72 38 107 38
49 38 49 38
45 38 56 43
47 38 47 38
55 42 52 45
51 43 58 43
48 38 52 40
52 38 39 38
52 38 82 52
58 38 47 40
45 38 45 39
56 38 57 43
78 38 71 42
72 45 60 49
85 43 68 39
41 38 52 43
51 38 47 43
57 38 64 40
64 43 78 49
49 38 86 43
79 38 59 38
86 38 63 38
63 43 56 45
40 38 60 40
58 43 46 38
74 43 117 38
49 39 51 39
66 40 66 38
57 43 50 38
53 40 51 38
50 38 41 38
55 38 54 38
92 63 56 40
59 38 46 42
46 38 41 38
59 40 53 38
59 38 65 45
56 38 45 38
41 38 41 38
69 39 73 40
59 49 53 38
66 44 79 38
63 38 63 40
44 38 43 39
59 42 87 46
56 43 69 48
73 40 45 38
69 39 61 40
55 38 74 46
63 38 47 43
51 38 50 40
57 38 50 40
56 42 40 38
56 43 52 38
66 48 66 48
44 38 42 38
53 38 53 39
88 40 56 43
60 38 69 47
47 38 47 38
49 38 51 38
42 38 40 38
49 38 49 38
80 38 80 38
59 42 48 40
60 38 54 39
73 40 49 40
56 38 56 39
86 42 58 40
40 38 47 43
52 40 73 40
50 44 61 40
46 38 44 38
54 38 46 38
45 38 48 38
67 43 68 49
45 40 45 40
179 51 92 48
134 48 43 40
79 48 64 40
63 38 56 38
52 38 48 40
47 39 56 43
117 48 181 40
79 40 61 38
52 38 52 38
90 49 66 43
56 38 46 38
103 38 56 38
87 46 55 46
57 43 57 43
62 40 52 38
64 43 64 43
53 38 65 40
44 38 44 38
53 40 56 39
48 38 48 38
47 38 56 38
90 40 47 38
89 38 58 39
85 51 64 43
99 38 48 38
69 38 75 44
56 40 56 40
57 38 49 40
151 45 63 49
45 38 45 38
141 43 49 40
102 55 51 44
45 38 48 38
48 38 48 40
94 42 59 45
54 43 58 40
59 38 52 38
81 38 66 38
92 38 82 48
43 38 43 38
59 38 64 44
67 43 66 38
53 43 50 43
64 40 79 45
62 40 62 40
70 38 55 38
68 38 52 40
67 43 51 43
47 43 47 44
56 42 49 38
75 43 92 45
49 40 41 38
56 38 46 40
54 40 49 38
57 46 43 39
50 38 42 40
75 47 47 40
102 43 57 43
79 44 79 43
115 47 69 47
48 38 48 38
44 38 45 40
66 38 63 40
52 38 52 38
51 38 58 40
61 40 46 40
90 38 57 43
49 38 51 40
49 43 43 40
58 38 49 43
65 46 107 58
53 38 45 38
52 38 40 38
153 45 58 47
52 43 52 43
110 40 47 40
82 47 59 38
47 40 56 40
62 48 40 40
52 38 46 38
74 38 90 47
108 43 154 40
102 40 43 38
44 38 44 38
54 38 65 40
49 38 49 38
62 43 65 47
75 40 77 38
72 43 63 40
57 38 48 38
45 38 59 40
50 40 48 40
50 43 60 43
77 38 84 38
52 38 41 38
55 43 43 40
84 38 89 40
61 43 70 45
48 38 46 40
92 45 53 43
59 38 51 38
50 38 49 38
41 38 52 45
71 42 53 45
67 42 57 40
50 43 50 43
53 45 53 45
72 43 55 43
59 38 96 56
50 38 40 38
60 38 47 40
60 43 61 43
56 39 56 38
70 43 70 45
41 38 41 38
53 38 53 38
59 38 48 38
62 38 65 48
59 38 62 38
50 38 56 43
59 38 59 38
57 43 54 43
121 43 71 46
79 52 66 45
52 38 46 38
73 42 71 40
54 43 67 49
45 38 61 38
50 38 50 39
44 38 62 40
82 42 76 48
66 38 42 39
53 38 68 43
70 38 70 38
71 38 44 40
63 40 69 39
46 38 52 43
49 43 63 45
69 46 60 38
48 38 47 38
41 39 41 38
47 43 47 44
51 40 51 40
50 43 52 43
141 53 55 44
48 38 41 38
53 46 53 46
66 38 47 38
101 38 176 40
64 46 42 38
51 43 40 40
103 38 72 40
68 47 55 43
73 44 50 43
52 43 49 43
105 45 99 40
57 38 57 38
44 40 44 40
52 43 47 38
43 38 56 38
89 42 63 38
52 40 39 38
73 38 50 40
62 47 48 38
43 38 50 43
40 38 40 40
56 43 56 43
47 39 47 38
63 40 63 40
167 38 43 39
48 43 49 44
95 38 84 47
105 38 105 38
70 40 70 40
84 38 88 48
65 40 69 38
58 43 51 44
60 43 50 38
50 38 40 40
63 42 39 38
39 38 39 38
54 38 62 43
53 43 53 43
78 43 65 43
52 43 56 40
57 38 114 41
58 38 41 38
46 40 49 40
39 38 39 38
79 38 51 38
72 38 53 40
95 40 48 38
46 38 46 39
53 38 46 40
44 38 54 38
47 38 51 38
66 43 73 38
56 38 54 38
66 40 53 40
60 43 79 46
77 43 56 45
45 38 43 40
55 38 55 38
51 43 51 43
55 38 50 43
51 38 51 38
56 43 45 39
129 38 75 43
84 40 84 40
92 38 76 43
46 43 46 44
92 47 79 40
57 38 57 38
71 43 71 43
65 42 60 38
63 43 81 40
83 43 50 39
76 47 63 47
64 43 49 43
51 38 51 39
43 38 52 38
55 38 60 38
54 38 48 39
93 54 78 43
54 38 52 45
59 38 59 39
56 43 67 56
76 43 56 38
48 39 48 40
53 38 53 39
50 43 54 40
76 38 56 40
76 38 76 38
130 43 52 40
43 38 46 38
53 43 44 42
55 40 50 40
57 40 57 40
98 43 69 45
46 38 39 39
55 38 58 44
44 38 48 38
62 39 60 38
68 42 76 44
45 38 45 38
61 40 52 38
59 46 59 46
52 40 46 40
79 38 64 43
88 50 80 40
69 42 50 38
56 38 44 39
50 43 65 43
63 45 53 38
76 38 60 40
56 38 48 43
105 40 85 46
42 38 58 38
53 38 45 38
77 49 69 50
86 43 45 43
53 38 58 38
48 38 48 38
50 38 50 38
54 38 61 40
74 43 67 43
53 38 48 38
70 40 42 38
49 38 47 38
67 38 66 38
106 43 106 45
62 38 54 38
43 38 49 38
49 38 42 38
80 40 53 38
77 38 46 39
56 38 44 38
54 40 54 40
54 43 48 38
49 38 49 38
75 38 47 40
52 38 49 38
84 38 74 40
58 43 58 45
64 38 53 45
71 38 71 39
81 45 92 47
54 38 47 40
79 38 67 39
70 43 44 43
77 47 50 40
124 45 62 43
49 43 60 43
80 40 47 38
61 38 40 38
65 43 55 43
67 45 48 40
76 45 65 44
60 38 60 38
135 61 50 38
41 38 52 38
50 43 55 40
42 38 51 38
99 51 49 38
63 38 54 38
66 38 66 38
94 40 59 40
45 38 45 38
45 38 45 38
66 40 75 40
118 47 54 40
54 38 54 39
51 38 78 42
58 38 45 38
65 43 47 40
53 38 45 38
153 40 57 40
80 43 60 43
48 43 48 43
77 38 60 58
52 40 51 40
52 38 44 38
58 43 77 43
71 43 60 43
75 39 75 39
117 50 75 40
337 51 416 58
53 38 71 40
52 38 79 68
68 38 55 38
49 38 49 38
48 38 48 39
124 40 103 50
41 38 50 40
68 38 79 40
70 38 59 38
47 38 47 38
40 38 40 38
45 43 47 43
111 66 126 61
67 38 82 38
56 38 41 38
63 47 78 45
55 40 65 40
313 53 68 38
83 45 61 45
56 38 53 43
55 38 50 40
76 43 58 40
57 38 53 38
76 38 65 43
46 38 51 38
66 38 50 40
54 38 86 49
137 40 97 40
52 38 52 38
77 38 42 38
76 38 86 43
56 38 43 38
50 38 65 40
54 38 68 45
67 40 49 40
66 45 68 50
41 38 50 40
61 38 47 38
68 38 54 43
52 38 92 40
44 39 48 38
64 45 49 38
70 47 62 40
50 38 59 40
62 43 56 43
43 38 45 40
47 38 50 38
51 38 57 38
42 38 42 39
