47 38 47 40
66 42 77 40
68 45 48 38
56 38 56 38
49 47 60 49
55 38 63 38
53 38 53 38
73 38 73 47
68 40 47 40
39 38 46 45
48 39 59 48
128 40 62 45
47 38 48 40
122 49 88 39
63 43 56 38
60 38 79 43
76 38 76 39
65 45 44 38
53 48 56 39
100 43 62 38
64 43 70 43
47 38 47 38
50 38 50 39
76 40 73 45
141 45 79 38
81 45 86 47
46 38 50 40
47 38 47 40
56 38 52 38
50 38 61 38
62 43 50 38
63 43 60 39
74 47 55 40
96 47 72 42
113 38 78 40
63 42 48 38
55 48 55 48
68 43 82 47
61 38 58 40
64 43 55 45
45 38 45 39
44 38 65 46
142 63 67 40
69 38 64 47
128 43 61 40
61 38 45 40
67 40 80 46
101 45 87 45
60 38 66 38
68 51 55 40
77 38 79 38
48 38 46 38
65 38 76 38
83 43 65 43
62 38 45 44
56 38 75 40
65 38 45 39
40 38 40 38
48 38 47 38
43 38 38 38
60 38 53 38
68 48 68 48
94 43 44 38
59 38 55 43
86 51 55 38
48 40 51 44
109 45 54 45
42 38 42 39
43 38 57 43
79 43 55 38
54 43 73 42
59 40 40 39
92 42 122 45
43 38 43 39
73 43 59 45
49 43 49 43
64 40 58 38
49 38 48 43
59 38 138 51
54 43 82 45
55 50 55 48
58 43 53 48
59 43 51 38
63 38 60 40
60 38 44 40
50 40 50 38
51 38 54 38
80 38 50 38
45 38 56 39
70 38 72 54
49 40 67 43
70 45 70 45
53 43 43 43
47 38 62 45
54 38 48 38
75 51 54 38
59 38 59 38
49 38 46 38
56 39 49 38
66 43 87 43
79 38 61 46
219 62 86 38
48 38 60 43
105 45 105 45
63 38 63 39
99 43 49 49
66 38 59 38
49 38 76 38
63 50 49 40
45 38 45 38
248 48 68 40
40 38 50 38
39 38 42 38
45 38 54 43
47 38 47 39
65 47 52 38
51 38 65 44
81 42 50 40
55 38 44 42
74 38 69 38
64 40 52 43
71 43 62 43
88 47 56 39
70 38 84 40
49 40 39 38
49 39 65 42
56 43 54 43
77 40 67 38
61 40 61 40
50 40 47 40
104 45 48 40
42 38 47 40
76 45 60 43
65 40 65 40
100 44 61 43
59 49 49 44
65 38 47 38
92 40 86 40
70 38 70 38
58 42 60 38
50 40 52 43
65 43 47 40
51 38 50 38
56 38 52 38
112 38 112 39
49 43 49 40
76 40 77 38
141 50 85 40
102 38 85 50
53 38 46 38
45 40 48 38
49 43 46 40
51 38 51 42
49 43 49 44
135 40 45 38
72 38 75 52
87 38 47 40
60 38 39 38
53 40 48 43
108 47 74 40
152 45 57 40
56 38 57 38
59 38 49 47
51 40 56 38
52 38 43 38
56 40 53 43
50 38 51 38
88 45 44 40
73 42 73 44
50 38 46 43
55 38 59 45
67 48 67 45
45 38 59 47
64 38 48 38
65 43 65 43
59 38 59 40
54 38 43 38
52 38 52 38
69 38 50 38
65 43 55 43
68 38 80 38
83 40 65 53
54 40 47 40
53 40 65 47
158 54 71 38
106 40 78 40
69 38 48 43
116 48 47 40
69 43 69 43
100 53 59 38
62 43 46 43
48 43 48 43
54 38 63 42
104 52 68 48
47 38 47 38
62 38 48 40
94 39 60 43
48 38 49 38
56 47 53 42
90 47 65 44
64 46 65 38
120 43 90 49
160 48 51 40
62 38 39 38
80 58 48 38
64 45 77 38
46 38 46 40
50 38 48 38
86 50 114 48
77 38 56 39
193 38 56 38
52 38 45 38
117 38 93 38
69 38 57 43
43 38 43 38
70 38 56 45
254 64 52 40
54 38 43 40
56 43 56 43
67 38 67 38
48 40 48 40
69 51 73 40
60 43 63 38
49 40 47 40
47 40 47 40
52 38 52 38
64 38 59 38
71 38 44 38
88 38 65 40
59 38 65 38
54 38 41 38
88 40 60 45
72 43 49 43
47 38 47 38
61 38 54 40
90 50 48 38
73 43 50 40
68 45 71 43
45 38 68 40
65 43 52 47
74 38 43 40
71 38 71 38
48 38 90 49
65 45 61 40
53 43 48 40
54 38 54 38
96 45 62 40
48 39 53 40
77 50 69 47
200 42 59 52
43 38 51 38
202 59 59 45
69 38 45 40
49 38 49 38
45 43 50 40
45 38 42 40
67 50 54 38
66 43 64 43
374 63 88 45
55 47 59 47
60 38 78 51
81 38 81 38
45 38 52 40
76 38 68 43
47 38 38 38
49 38 49 40
106 46 78 44
53 42 50 40
48 38 48 38
55 43 62 43
114 43 69 45
40 38 40 39
67 38 46 40
66 40 58 46
96 45 56 45
101 40 52 38
62 38 84 40
44 38 47 40
95 45 64 38
72 46 72 46
57 40 57 40
66 40 60 40
55 43 55 43
44 38 43 38
500 83 98 38
50 38 87 43
53 38 57 47
72 39 46 39
165 49 107 43
66 39 66 38
55 45 79 47
67 38 78 38
54 38 54 38
67 38 68 38
49 38 49 40
56 38 70 42
52 38 52 38
347 38 96 38
45 38 57 38
69 40 61 38
54 38 52 45
88 48 60 40
52 38 59 48
90 49 78 43
87 38 57 38
46 38 46 38
103 51 62 49
92 45 68 40
87 40 48 38
50 40 68 38
48 38 41 38
63 38 63 38
92 38 50 38
58 38 42 38
66 38 65 43
50 38 42 38
55 42 55 38
49 38 49 39
81 49 58 50
52 43 45 43
91 38 75 43
55 40 57 40
57 47 45 43
47 40 46 38
56 38 50 43
51 45 47 38
109 46 62 38
50 40 45 38
84 54 52 40
89 38 46 40
56 43 55 43
78 40 70 48
123 48 64 40
61 43 51 43
63 39 63 38
62 40 43 43
59 43 47 43
69 49 57 43
50 40 52 43
69 45 63 43
56 45 47 40
48 38 48 38
97 40 118 56
128 40 53 38
53 43 48 43
74 38 52 38
51 38 56 45
102 43 50 40
46 38 58 43
56 40 40 38
60 38 55 38
63 38 63 38
99 40 75 40
49 38 50 40
56 48 49 40
89 38 55 45
64 38 93 40
72 38 60 54
121 59 70 45
49 38 80 46
59 38 54 38
45 38 45 38
67 38 57 45
53 38 48 38
67 38 67 38
94 38 50 38
75 38 94 52
55 43 55 43
54 38 41 38
129 50 107 39
94 47 78 47
62 43 54 43
85 45 73 40
69 38 69 38
46 38 50 40
61 40 55 43
63 38 61 40
154 51 129 49
75 43 72 40
67 38 67 38
86 47 59 40
109 43 109 44
84 40 63 38
84 51 53 38
86 48 65 40
44 38 61 46
87 40 90 40
56 43 55 38
50 40 41 40
63 38 79 40
54 38 54 38
60 38 53 45
73 43 72 38
92 38 67 47
54 42 55 44
62 38 51 38
52 38 56 47
74 48 48 38
55 42 52 38
49 38 41 38
86 43 68 44
55 43 47 38
112 50 45 38
55 43 41 39
42 40 42 40
114 54 54 40
60 38 54 40
73 43 91 43
50 43 50 44
45 39 62 38
46 38 43 39
47 38 52 40
186 54 72 40
91 45 54 38
104 38 84 38
53 38 52 42
103 54 63 43
78 38 52 43
60 47 41 38
50 43 48 43
64 38 63 39
83 42 54 38
66 38 62 38
93 48 74 39
55 43 54 40
50 38 50 38
112 38 40 38
45 38 45 38
98 38 48 40
89 38 70 43
49 38 39 38
46 43 43 38
52 38 54 38
181 40 47 43
53 38 43 38
41 38 41 38
49 38 44 40
65 43 81 48
62 38 45 43
48 38 46 40
89 38 59 40
53 40 53 40
45 38 45 40
74 38 61 45
53 38 60 44
48 38 61 40
58 43 63 45
40 38 40 38
63 43 49 45
60 38 52 38
71 43 53 40
54 43 53 40
59 43 59 44
49 38 44 40
49 43 57 40
49 38 49 43
55 38 49 40
45 38 45 38
64 49 58 51
68 53 91 54
146 38 146 39
55 42 51 38
43 38 45 38
44 38 51 40
59 43 67 45
61 42 61 39
55 38 65 47
43 38 44 38
43 38 43 38
111 55 69 48
74 40 169 55
80 47 45 40
73 54 54 39
51 38 51 38
46 43 46 39
63 40 49 38
74 49 68 40
50 38 51 38
65 43 51 38
56 38 48 40
62 39 62 40
56 43 52 43
43 38 43 38
65 38 51 40
71 47 44 40
62 43 62 44
66 43 70 40
68 38 81 51
49 40 49 40
68 40 68 48
74 52 55 38
100 38 55 48
49 38 41 38
50 38 50 38
43 39 44 39
46 38 54 38
89 40 57 38
54 38 54 38
105 57 71 43
86 40 56 40
54 38 54 40
52 38 67 48
70 43 47 39
91 44 63 43
47 38 46 38
162 59 87 45
49 38 60 38
39 38 40 39
51 43 59 46
64 45 54 38
93 43 57 40
107 45 106 40
51 45 39 38
62 43 62 43
95 38 77 48
73 42 47 40
60 45 52 39
47 38 47 38
46 38 41 38
58 38 57 43
59 38 61 43
66 42 77 47
58 43 58 46
87 51 70 40
62 43 54 43
63 38 54 40
84 42 73 38
65 43 78 56
53 43 42 38
42 38 46 43
66 45 66 45
81 39 51 40
66 38 56 46
57 38 47 38
42 38 91 57
67 50 49 43
95 43 59 43
48 39 48 38
46 38 46 39
93 47 93 43
88 45 43 38
51 43 68 38
73 42 52 38
70 38 70 38
57 43 57 43
52 38 67 40
62 38 62 38
44 38 46 40
111 45 80 42
54 38 50 38
111 45 48 40
67 43 67 43
63 43 72 40
86 45 47 40
181 48 131 38
62 46 59 40
44 38 103 54
779 92 61 40
46 38 47 38
63 45 62 46
55 38 46 40
54 38 59 45
49 38 45 43
62 43 62 43
89 38 47 39
44 38 56 40
54 43 48 40
45 38 45 38
80 42 50 39
171 45 53 40
63 38 64 38
76 45 55 38
52 38 47 38
50 38 83 46
47 39 42 38
49 38 44 38
53 38 53 46
93 45 95 45
198 61 73 38
62 38 57 39
75 40 57 40
53 43 70 39
66 43 108 56
44 38 45 40
59 38 59 38
46 38 43 39
51 42 55 38
63 38 44 38
46 38 55 45
55 38 62 38
42 38 40 38
54 38 43 38
108 50 65 43
61 40 61 45
63 38 45 38
82 48 59 39
51 38 51 39
80 43 59 43
98 43 46 38
98 43 65 43
67 43 52 43
62 38 50 38
62 42 54 47
69 50 63 45
47 38 47 38
304 67 111 38
78 45 69 40
85 47 85 47
67 38 66 38
62 47 68 49
50 43 55 43
64 46 55 48
97 47 72 47
59 47 51 40
57 43 55 43
58 38 53 40
57 45 46 39
49 40 40 40
89 38 62 40
40 38 40 39
51 38 55 44
124 51 49 38
62 47 61 38
40 38 40 38
80 40 86 40
44 40 53 38
67 38 87 49
42 38 50 38
47 45 50 38
49 43 69 53
112 72 112 46
57 45 52 48
65 43 71 40
91 39 45 38
58 38 50 38
71 38 60 40
74 43 65 43
61 43 47 43
101 38 67 38
46 38 42 38
50 38 50 39
66 38 66 40
69 38 55 43
76 40 67 40
40 38 40 38
54 38 52 38
109 38 89 40
62 38 46 38
56 38 65 43
67 38 49 38
46 43 47 43
66 44 66 44
65 38 68 40
49 40 47 38
54 40 54 40
60 43 53 48
218 47 87 48
51 38 51 38
81 38 58 39
47 43 72 38
91 54 66 46
39 38 38 38
57 47 53 47
47 40 46 43
56 38 80 45
41 38 41 38
48 43 44 43
41 38 77 40
44 38 45 40
52 38 56 38
52 38 44 38
51 38 47 39
59 43 60 38
71 45 62 38
46 38 47 39
44 38 43 39
115 38 53 38
69 39 55 38
58 40 56 43
65 40 46 38
40 38 43 38
80 43 77 43
139 38 46 38
76 40 59 43
190 40 58 40
50 38 68 45
66 50 51 38
46 43 46 43
52 38 39 38
104 49 70 40
53 38 51 38
68 43 62 43
107 47 107 47
91 43 47 44
65 43 69 38
62 38 52 40
57 38 57 38
141 49 63 40
57 43 64 43
52 38 55 40
59 40 66 48
80 38 46 38
45 39 113 53
52 38 47 39
46 38 39 38
46 38 57 42
58 38 71 48
63 40 61 38
46 38 42 38
60 38 57 46
56 40 56 40
65 38 71 47
51 38 43 39
89 38 61 39
59 38 59 39
314 47 44 40
80 40 61 43
67 40 45 38
54 38 45 39
54 38 53 40
74 38 54 40
46 43 51 43
44 39 67 38
47 38 47 38
76 43 76 43
51 38 91 40
40 38 42 38
207 40 52 38
44 38 78 47
76 38 97 40
50 38 60 38
60 48 52 43
69 47 61 38
82 42 115 40
143 43 50 39
52 45 56 53
56 38 45 38
62 38 85 40
66 38 42 39
54 38 52 46
74 38 51 42
87 38 57 40
72 40 80 44
49 40 65 46
63 38 71 40
54 38 67 46
72 45 59 43
52 38 48 38
40 38 49 38
55 40 45 38
67 38 55 38
72 43 72 46
72 40 90 42
54 43 59 49
54 38 54 38
61 44 56 43
96 40 44 40
48 38 45 38
59 38 90 43
69 38 85 43
43 38 43 38
92 47 85 43
73 38 66 43
116 47 55 42
56 38 64 40
61 38 51 40
86 45 58 40
78 38 77 38
62 50 58 43
41 38 41 38
69 40 49 38
52 38 46 38
49 38 69 43
48 38 48 38
54 38 54 38
66 38 50 38
59 38 48 40
82 38 77 38
86 49 52 43
58 38 58 40
56 43 71 38
44 38 47 38
116 48 87 43
58 38 124 44
60 38 66 40
69 43 50 38
56 43 46 43
67 43 63 45
61 38 76 38
66 43 66 45
77 45 50 38
62 38 56 40
52 38 51 40
55 38 50 38
54 38 51 40
59 40 82 38
70 43 52 40
68 45 69 43
74 43 94 40
49 38 64 40
57 43 53 44
45 38 53 44
71 38 71 39
50 38 49 43
61 43 61 43
252 52 61 40
59 45 78 51
44 38 42 38
171 40 73 43
67 47 52 40
51 43 45 43
77 45 53 40
126 46 144 54
85 38 44 40
66 43 85 43
60 39 62 46
54 39 50 40
86 48 63 40
64 38 84 46
59 42 57 39
55 43 55 44
65 40 40 38
59 38 72 49
58 38 51 40
63 45 50 45
69 38 72 45
43 38 60 38
54 42 50 40
66 38 54 38
64 50 48 39
45 42 48 47
68 43 53 49
42 38 42 38
73 38 102 47
54 38 49 38
103 38 108 40
45 38 45 39
120 40 68 45
63 38 51 38
71 48 52 40
61 40 43 38
53 40 71 40
70 43 70 44
52 38 66 43
69 40 69 40
49 43 57 40
80 47 68 40
50 38 45 43
62 38 62 40
48 38 52 43
82 48 74 48
50 38 98 52
45 40 56 43
70 43 52 43
91 47 106 38
56 38 56 38
67 46 42 38
50 42 68 43
55 40 55 40
81 40 61 40
70 40 50 38
121 43 54 43
59 38 45 38
60 39 45 38
62 38 46 38
196 50 71 38
50 38 54 40
74 43 67 43
79 56 48 43
48 40 51 39
54 38 47 38
47 38 61 48
53 45 52 38
76 43 73 40
182 42 61 43
49 38 47 38
52 45 48 38
47 38 48 43
58 48 80 38
66 43 51 40
97 38 101 38
61 46 48 43
44 38 44 38
110 40 48 38
71 48 62 39
179 38 60 38
49 38 61 43
85 49 105 51
46 38 51 38
43 40 43 40
44 38 58 38
48 38 44 39
53 39 65 38
77 40 50 38
142 61 71 42
45 39 67 47
154 45 56 40
65 38 65 43
70 47 51 40
67 43 52 43
61 39 62 38
102 44 67 43
51 38 62 40
45 38 45 39
61 38 52 40
40 38 50 40
62 43 66 47
49 38 46 38
59 42 54 40
44 38 55 38
71 40 71 38
55 38 58 38
73 59 50 43
151 51 47 43
64 43 46 38
112 56 81 51
59 47 69 48
46 38 44 40
54 38 52 40
57 43 74 48
137 52 71 40
51 38 53 38
83 48 62 43
80 43 83 38
45 38 45 38
57 43 60 46
92 38 78 48
65 38 65 39
63 38 42 38
60 40 69 38
45 38 45 38
246 52 93 38
89 38 66 40
149 51 44 40
67 40 77 47
47 38 48 43
73 40 58 40
314 40 60 47
63 38 48 40
62 40 49 39
71 47 59 40
43 38 45 40
61 38 54 38
74 40 70 43
50 38 56 50
42 38 40 38
68 43 49 38
50 38 55 43
77 45 68 43
64 45 49 38
70 40 78 43
58 45 58 45
47 43 43 40
79 38 54 38
69 48 55 40
120 58 69 40
55 38 88 43
50 38 45 43
41 38 47 43
90 47 77 43
57 38 51 48
46 38 46 38
58 40 58 42
54 48 54 48
66 43 77 38
75 38 54 38
73 38 56 39
79 40 47 45
51 38 58 45
56 38 56 38
78 45 46 38
122 38 85 38
57 43 86 50
43 38 43 38
92 45 60 47
51 38 60 40
160 43 46 43
63 43 48 43
69 38 63 38
64 43 87 50
51 39 55 38
92 50 51 40
156 58 68 45
55 38 55 40
82 38 51 38
56 38 56 39
65 38 60 38
62 38 62 43
126 48 126 48
43 38 45 40
42 40 42 40
40 38 39 38
172 48 112 40
73 48 61 42
83 46 67 43
52 43 53 40
46 38 46 38
123 50 98 38
47 38 101 46
57 43 54 43
52 40 48 43
111 47 91 40
42 38 42 38
51 38 51 40
64 43 47 38
59 38 42 38
60 43 51 48
298 38 91 38
56 45 58 40
59 40 52 39
41 38 52 40
78 40 88 38
51 43 63 43
60 38 60 38
52 42 52 43
43 38 43 39
50 38 46 38
39 38 51 40
105 48 58 40
60 43 60 45
60 43 51 40
58 40 56 38
58 43 49 38
79 38 51 40
65 42 64 43
65 38 53 38
50 42 54 51
53 38 40 38
51 40 59 43
82 50 48 43
124 43 51 42
52 38 52 39
48 38 50 45
51 44 44 38
48 43 46 43
74 48 59 40
40 38 44 38
50 38 56 38
53 49 80 48
49 43 51 43
62 48 71 47
54 38 50 38
120 38 76 48
50 45 48 45
89 45 58 38
54 40 45 40
92 42 58 43
44 38 48 38
156 48 70 38
73 38 73 51
91 39 48 38
217 60 111 47
51 38 50 38
66 43 48 43
65 49 59 38
50 42 43 38
51 38 51 38
56 38 59 40
44 38 43 38
68 38 51 38
89 40 48 38
73 42 54 45
58 38 52 39
58 43 58 43
84 40 45 38
51 43 71 45
69 38 64 48
51 38 51 38
71 38 57 40
101 48 64 42
59 38 53 40
94 53 55 40
45 38 55 40
105 43 52 40
57 38 56 43
43 38 42 38
77 40 50 38
59 38 52 38
63 40 46 40
42 38 42 38
50 40 71 40
84 38 55 44
96 43 65 38
58 42 60 40
92 43 66 45
50 40 50 40
71 38 57 39
62 38 62 39
98 40 71 42
46 38 63 51
46 38 46 38
59 38 57 40
47 43 47 44
92 48 92 48
49 40 45 40
47 40 47 38
44 40 40 40
53 38 61 43
55 38 56 45
113 62 93 52
51 38 51 38
116 47 64 40
53 40 48 44
123 44 85 38
45 38 45 38
47 40 41 38
45 40 92 54
63 38 54 47
65 43 69 40
102 42 93 40
73 43 79 43
63 38 45 38
56 38 67 45
132 40 64 47
53 38 59 38
61 43 61 43
49 38 49 38
59 40 44 43
95 38 46 38
56 38 56 38
45 38 89 51
68 38 68 38
81 43 81 43
191 63 50 38
72 38 81 38
49 38 49 39
102 47 48 38
100 44 47 40
110 45 84 46
499 72 87 48
53 38 55 38
69 38 57 40
94 56 53 43
117 40 80 42
68 59 58 52
256 60 72 38
77 43 81 43
58 39 70 40
47 40 47 38
53 39 53 38
51 38 61 38
129 38 59 39
49 38 64 51
49 38 50 40
55 42 64 40
119 45 51 40
91 43 67 43
62 38 62 38
67 52 55 40
66 40 58 42
61 38 46 38
75 42 87 42
51 38 51 39
52 40 52 40
98 46 73 38
72 38 46 38
53 38 45 40
73 40 46 40
41 38 57 46
70 38 45 43
81 49 69 49
50 47 42 40
51 38 51 38
52 39 70 44
68 40 50 38
49 43 59 40
49 38 49 39
63 38 63 42
61 38 50 40
72 47 64 46
52 38 102 42
49 40 58 40
73 45 60 40
41 38 41 38
51 45 51 40
56 38 56 38
69 38 46 38
63 43 63 43
146 54 47 38
51 43 51 43
45 38 53 40
76 38 63 38
376 61 56 38
49 38 54 43
115 43 57 40
54 43 54 40
43 38 100 55
64 38 60 38
97 40 60 43
78 63 50 40
65 43 52 38
62 43 66 43
55 38 55 39
82 38 84 47
54 38 42 38
49 43 44 38
51 38 43 40
168 42 96 39
62 38 83 40
57 38 57 38
86 38 71 38
54 43 64 40
78 46 50 40
63 38 63 39
113 38 73 38
62 38 62 42
65 43 65 43
84 38 43 38
83 40 61 38
52 38 45 44
47 38 59 38
56 40 55 43
50 38 50 38
41 39 41 38
47 43 46 43
67 40 40 38
133 48 47 38
68 45 61 43
84 50 65 40
45 40 44 38
47 38 65 38
50 38 52 38
49 40 49 40
51 43 57 40
69 38 78 38
45 38 49 38
389 62 79 38
177 42 48 38
95 38 66 38
60 38 56 43
67 38 55 40
61 45 48 43
210 57 75 45
52 38 52 39
51 38 53 38
50 38 50 38
60 49 64 47
50 44 50 44
69 38 69 38
65 43 69 38
48 38 68 43
59 45 43 39
56 45 42 38
43 39 43 38
78 38 58 38
54 38 51 38
50 47 44 38
55 43 55 43
40 38 40 39
49 38 47 38
70 38 70 38
58 38 44 39
52 43 47 40
53 38 51 38
62 38 57 40
77 38 57 43
56 40 58 43
61 43 55 45
112 40 50 40
57 43 76 38
104 49 48 40
83 39 53 38
51 38 48 38
78 40 60 48
59 38 47 39
47 38 40 38
44 38 44 40
54 40 54 40
57 43 52 43
65 38 54 45
46 40 40 40
67 40 65 40
51 43 62 40
63 38 60 38
50 38 49 38
63 40 50 43
81 38 59 39
64 43 75 51
41 38 41 38
45 42 45 42
49 40 43 38
52 38 52 38
77 43 47 43
69 43 56 43
102 48 50 43
69 42 67 40
258 45 73 40
72 38 58 40
44 38 44 38
49 38 49 38
51 38 51 39
55 43 53 43
59 38 63 40
118 57 62 42
63 47 61 52
44 38 44 38
65 43 47 38
52 38 44 38
77 50 72 46
74 40 62 40
76 38 47 40
40 38 44 38
95 38 95 38
52 38 69 40
54 43 52 38
137 47 41 40
61 40 87 40
174 42 162 46
65 38 55 38
197 82 46 40
54 38 48 38
56 45 54 43
56 43 50 43
46 38 83 52
57 38 48 40
50 38 54 38
99 49 63 43
51 38 55 40
57 38 75 42
53 38 55 42
64 38 65 38
69 38 71 40
46 43 50 40
99 38 53 38
87 49 66 38
64 39 64 38
151 45 51 48
153 51 123 58
57 40 67 44
74 38 42 38
94 38 82 44
42 38 51 40
68 43 70 46
67 43 58 38
77 40 66 40
74 43 91 47
75 43 56 46
90 45 62 38
90 55 64 40
61 42 51 39
55 39 84 47
68 38 115 44
50 38 50 39
44 38 53 40
104 38 118 47
56 43 41 38
68 43 63 47
52 38 50 38
455 66 88 40
84 45 46 40
51 38 67 38
54 38 63 43
65 43 61 40
57 38 59 49
60 38 45 38
72 48 80 45
47 40 47 40
61 40 71 40
137 53 77 40
62 43 63 40
56 38 56 38
77 38 52 38
67 40 88 45
48 38 48 39
140 38 131 43
67 38 61 38
56 38 50 42
47 40 61 47
64 38 50 40
54 44 59 44
75 38 88 38
77 40 46 40
42 38 44 38
63 40 59 40
52 40 73 40
48 38 47 42
48 47 48 48
55 38 52 38
55 49 45 39
62 38 62 38
66 38 53 38
52 40 44 40
65 43 46 45
92 38 68 40
87 38 43 40
100 49 100 52
70 43 84 49
57 43 57 44
76 40 56 38
53 38 88 44
54 38 54 38
113 38 131 50
43 38 61 40
79 49 54 40
61 38 45 38
67 38 41 38
67 38 60 38
57 51 56 47
67 43 67 43
52 43 54 40
47 40 47 40
58 38 58 38
52 42 45 40
52 38 47 38
53 43 60 49
103 40 51 40
73 40 52 38
53 38 58 40
42 38 52 43
50 43 50 43
60 38 48 38
74 40 72 47
59 38 59 39
64 40 64 38
50 43 47 43
63 39 63 38
65 38 89 56
51 38 56 38
65 47 46 43
63 43 58 45
67 40 49 40
41 38 64 40
47 40 47 40
43 38 43 40
110 40 90 38
66 38 66 38
79 38 57 39
48 38 62 45
81 51 81 56
70 38 50 38
64 42 48 42
66 43 66 43
45 43 52 40
92 38 92 38
57 38 57 38
86 38 86 39
85 43 62 44
45 38 42 38
57 43 57 46
70 48 55 45
308 55 108 38
162 43 73 43
114 58 60 40
63 40 48 38
102 40 60 38
56 39 56 39
99 38 53 38
49 38 46 38
41 38 41 38
55 40 50 40
51 38 46 38
55 38 55 38
144 45 88 38
57 38 53 38
70 38 57 38
48 38 48 38
69 49 52 38
72 40 53 38
40 38 40 38
52 43 52 43
43 40 49 40
136 38 84 38
60 38 65 43
52 40 59 40
56 39 56 38
59 38 72 51
49 38 41 40
50 40 50 40
76 43 60 40
71 38 81 38
52 45 66 47
83 43 65 40
83 40 54 45
53 38 53 40
57 43 57 44
75 43 62 39
56 48 56 47
45 38 45 38
50 38 60 38
131 50 56 45
46 38 62 42
59 44 51 43
55 45 57 43
40 38 40 39
55 43 47 43
50 38 50 40
67 42 47 43
62 42 53 40
53 38 41 40
48 38 43 38
92 42 48 40
44 40 78 49
60 38 54 39
65 38 56 45
54 38 54 38
129 55 107 44
59 39 59 39
50 38 55 40
74 39 48 40
48 40 44 38
59 38 55 43
66 38 69 48
48 38 57 43
55 38 54 40
105 54 59 47
59 40 42 38
51 43 61 43
100 38 70 38
66 43 65 43
51 45 50 39
80 48 62 40
91 40 56 40
85 53 83 43
63 38 78 45
42 38 48 38
54 45 85 43
51 38 95 40
87 46 58 44
48 38 52 45
54 40 54 39
43 38 44 40
82 47 53 40
45 38 45 39
51 40 57 48
63 40 56 38
77 38 77 40
59 38 59 39
69 39 71 45
81 50 81 45
59 43 53 43
73 40 59 51
60 43 60 44
65 38 86 40
48 38 46 38
56 38 49 44
73 40 45 40
49 38 41 38
55 38 66 43
67 40 44 40
65 49 43 40
52 38 52 39
48 38 48 38
100 47 53 45
59 48 54 40
42 38 42 39
50 40 50 40
65 50 48 40
152 40 96 40
45 38 45 38
46 39 50 38
46 38 68 42
45 38 64 40
66 47 50 42
54 43 60 47
66 38 66 38
87 50 49 42
54 38 47 38
51 38 60 38
60 46 75 43
47 43 47 43
57 38 54 42
73 43 118 43
82 38 82 40
66 46 67 43
39 38 39 38
197 38 63 38
80 54 61 40
43 40 45 43
52 40 42 38
71 40 48 38
51 40 51 38
52 38 54 43
53 38 61 40
60 48 57 38
47 38 42 38
201 50 61 40
74 38 53 40
43 38 39 38
48 38 42 40
43 38 55 40
65 48 56 42
54 38 54 38
51 38 54 45
40 38 50 39
240 54 51 40
44 38 41 38
43 38 46 38
52 38 52 38
75 40 75 39
84 38 91 49
66 47 44 43
121 38 78 38
63 38 52 43
100 38 83 40
61 38 48 38
61 43 53 40
45 40 76 43
160 43 44 40
97 43 101 40
57 39 73 43
127 40 39 38
69 43 71 38
68 45 62 47
59 38 59 40
72 39 61 38
56 38 57 43
49 40 52 40
65 38 59 39
65 40 59 40
51 38 51 40
59 38 59 38
62 42 54 38
99 38 75 39
67 44 95 40
76 38 85 40
52 38 56 38
66 38 45 40
57 38 57 38
52 45 60 45
123 43 67 43
49 43 51 43
50 40 61 47
42 38 54 38
44 38 43 40
61 38 83 49
73 45 73 45
45 38 43 38
52 38 67 43
51 42 54 44
72 40 57 40
59 38 66 45
44 38 78 49
63 48 54 40
63 40 45 38
86 38 53 38
90 40 72 40
55 38 56 38
52 45 68 47
67 40 67 40
71 48 71 48
49 38 57 39
88 47 69 38
53 38 53 38
133 45 67 40
50 38 55 43
60 38 53 40
50 38 45 38
90 45 60 38
63 38 63 39
63 47 64 44
67 38 67 38
70 45 66 40
107 48 107 49
64 38 38 38
80 40 51 43
72 38 74 45
42 38 69 40
45 38 84 46
67 44 48 40
51 38 51 43
62 38 64 38
77 38 63 38
77 40 51 40
66 39 52 39
52 38 65 40
57 38 75 46
103 38 42 38
60 38 60 38
50 43 40 40
88 45 71 54
54 38 43 38
81 45 92 43
59 38 51 40
90 38 76 45
73 38 205 61
53 40 67 45
54 38 54 38
54 40 55 38
53 43 82 45
212 70 63 49
64 51 50 40
48 40 44 43
63 45 63 45
83 42 67 49
51 40 44 38
79 47 73 52
113 50 53 38
43 38 51 38
151 47 143 47
55 38 65 47
69 43 59 43
47 38 41 38
145 71 52 40
55 38 60 43
87 56 56 43
52 43 46 44
102 38 58 45
54 38 49 43
116 50 100 48
47 39 47 38
49 38 49 39
59 38 59 38
51 42 50 43
50 38 43 40
96 52 82 50
52 38 44 38
55 40 54 38
59 38 45 38
48 38 48 38
46 40 43 40
50 38 51 38
52 43 43 40
40 38 40 39
61 40 51 40
62 47 62 47
75 44 70 39
55 38 50 40
62 40 100 38
54 38 49 38
121 54 63 40
122 46 41 39
66 38 66 39
57 38 62 40
48 43 79 45
83 38 43 40
48 40 42 40
55 38 55 38
55 38 86 48
57 38 104 45
40 38 40 38
48 43 46 40
168 38 67 38
80 38 41 38
45 40 45 40
50 38 50 39
47 38 47 39
59 47 50 43
53 38 57 40
62 40 59 40
49 40 49 40
55 38 55 38
146 47 83 40
58 38 43 40
40 38 40 39
112 43 98 45
90 40 74 40
84 48 80 46
88 43 97 43
79 38 75 45
63 45 63 45
55 46 53 38
64 38 48 38
51 38 75 45
68 43 53 38
70 40 59 38
139 45 57 40
44 38 60 38
67 38 80 48
51 38 46 38
58 47 52 40
54 38 58 43
48 38 45 40
53 40 43 39
70 40 41 40
118 52 62 39
59 38 126 43
72 42 56 39
66 38 52 40
51 38 44 40
45 38 45 38
68 38 93 56
162 51 50 38
56 38 70 47
63 44 89 49
54 38 54 38
58 45 71 38
44 43 44 43
121 48 46 38
53 45 60 38
64 43 64 44
74 40 85 40
63 43 61 48
66 44 71 51
61 38 61 39
56 39 50 40
73 43 53 39
60 38 54 38
57 38 52 38
99 40 45 40
115 38 53 39
60 38 60 39
78 38 43 38
53 38 51 43
61 38 43 40
47 38 69 48
56 38 92 45
105 42 111 39
44 38 44 38
116 52 49 38
56 38 51 40
52 38 47 39
90 38 62 40
61 38 62 39
110 47 76 40
63 38 80 46
46 38 40 38
93 43 54 43
66 43 66 43
65 40 47 40
55 43 54 43
40 38 51 39
54 38 53 38
48 38 48 38
89 38 60 38
112 50 76 43
49 38 51 38
47 43 54 45
62 39 61 40
45 38 50 40
55 40 41 39
58 38 46 38
61 38 61 38
75 38 55 40
58 43 58 47
57 38 61 49
66 40 80 40
54 38 59 38
81 43 59 43
49 38 56 38
64 38 56 38
77 38 78 40
50 38 44 39
48 38 55 43
102 48 62 40
54 43 54 43
79 38 80 42
56 38 45 38
70 40 41 38
89 40 58 40
49 40 49 40
70 45 64 43
48 38 52 38
49 40 44 40
64 38 45 38
79 38 58 43
64 38 62 38
40 38 60 43
67 38 45 38
66 38 60 40
49 38 55 40
70 40 61 43
62 43 43 38
58 38 51 38
41 38 41 38
50 43 49 45
68 38 62 38
46 40 46 40
62 43 62 43
168 54 139 40
52 38 57 38
85 38 55 43
80 43 59 38
43 40 45 43
71 38 71 39
71 38 53 38
68 38 48 38
79 50 42 40
41 38 61 53
49 38 44 38
41 38 41 38
60 38 68 46
75 40 42 40
41 38 41 38
125 38 50 38
70 47 70 47
68 38 80 49
81 38 81 38
85 48 64 42
50 43 59 45
203 43 67 40
48 38 48 39
48 38 46 43
47 43 57 49
47 38 66 43
55 38 61 38
52 43 48 43
53 38 57 46
88 38 61 40
82 38 45 40
40 38 39 38
57 47 51 38
64 38 40 38
98 40 44 38
74 40 53 43
59 40 134 53
67 43 64 40
75 40 66 39
62 43 45 39
73 47 54 43
72 45 47 38
40 38 41 38
49 38 48 43
50 38 48 43
73 38 54 43
222 38 132 45
50 40 50 40
62 48 61 42
63 38 65 40
118 48 68 43
66 38 84 38
144 45 54 40
70 48 75 46
63 38 48 38
42 38 42 39
54 42 49 40
47 38 47 40
51 38 59 38
228 43 69 43
63 43 105 53
50 44 55 43
61 38 52 43
63 40 49 38
68 38 111 70
59 38 67 38
47 38 56 42
96 52 48 39
89 38 99 47
137 38 53 45
48 38 56 45
62 38 98 43
73 43 50 43
58 38 48 45
69 45 71 47
67 38 47 38
56 38 39 38
49 40 49 40
79 38 67 46
47 38 43 38
54 40 46 39
48 38 45 40
125 40 45 38
45 38 44 40
90 45 66 45
50 38 49 42
53 43 51 43
44 38 42 38
58 39 60 45
59 45 44 40
47 38 49 44
107 40 47 40
44 38 54 40
45 38 41 38
74 42 54 43
78 43 52 40
50 43 43 40
59 40 59 40
64 43 64 44
81 57 81 52
65 42 55 43
59 38 90 40
69 40 51 38
66 40 54 40
48 38 39 38
47 40 57 38
81 47 53 40
49 38 53 43
66 50 58 40
47 45 48 43
57 40 58 38
46 45 51 40
99 40 59 40
57 40 68 50
56 43 56 44
46 38 63 45
126 47 92 40
78 38 58 38
84 45 94 40
43 38 55 43
72 38 44 43
58 38 45 38
45 40 59 49
54 40 75 43
78 43 49 43
57 40 50 40
70 38 70 38
76 40 99 45
42 38 44 38
150 43 121 53
56 47 50 40
102 45 46 38
65 38 86 39
58 45 51 38
56 38 61 43
77 38 59 47
48 38 48 39
69 39 69 38
49 38 49 38
43 38 47 38
46 40 43 38
43 38 43 38
56 38 53 38
62 43 74 45
60 38 50 42
61 38 118 43
50 38 49 44
81 38 116 46
51 38 81 38
53 40 53 40
60 38 59 43
48 40 57 38
60 38 62 38
99 43 70 38
41 38 47 38
42 38 39 38
55 43 53 38
43 38 43 38
140 40 62 40
39 38 42 38
52 42 59 47
69 38 72 40
53 43 46 38
62 44 76 47
54 38 54 38
54 38 57 43
50 40 50 38
89 38 113 47
86 48 63 45
54 38 54 38
53 38 53 39
47 38 39 38
47 38 48 38
63 39 66 40
63 38 63 38
63 38 50 39
74 38 47 40
50 38 52 38
54 38 57 38
42 38 42 38
46 38 54 40
241 48 65 38
57 48 48 43
67 38 60 38
71 43 48 40
49 38 43 38
59 38 48 40
47 38 47 39
54 43 51 43
48 38 63 47
52 48 44 40
105 43 64 40
47 38 44 40
74 38 61 42
52 46 52 45
71 38 75 58
87 38 53 47
145 53 68 38
128 47 49 38
107 54 48 40
49 38 60 40
73 43 48 43
47 38 47 39
84 40 91 40
45 38 64 47
255 40 101 48
84 38 84 39
154 40 60 39
59 40 86 40
43 38 51 40
66 48 56 38
42 38 40 40
66 40 76 40
54 38 49 45
79 45 42 40
60 38 52 38
107 43 52 38
87 43 72 40
79 40 59 38
63 43 73 48
40 38 67 44
142 43 63 43
91 43 49 38
60 43 55 38
68 43 56 43
92 40 50 38
74 49 71 43
48 39 48 38
60 38 50 43
49 40 50 44
299 54 102 47
139 48 59 40
140 66 43 40
60 38 57 40
56 43 47 38
84 47 51 42
67 38 61 48
64 43 52 45
50 43 53 48
108 38 114 40
64 38 57 43
47 43 49 43
65 49 73 43
87 51 58 40
56 38 54 40
56 43 56 44
59 38 52 47
128 47 44 39
42 38 42 38
53 38 46 38
49 43 49 44
81 38 109 38
47 38 67 43
61 38 39 38
56 40 56 40
97 45 88 43
42 38 56 38
60 47 61 40
66 49 73 51
48 43 111 44
118 38 68 47
41 38 44 40
117 45 93 45
116 50 53 42
65 43 65 44
69 38 59 39
74 40 39 38
52 40 48 38
47 38 47 38
54 40 54 38
61 40 60 40
103 43 66 40
57 38 56 42
146 38 88 38
54 38 54 38
51 40 54 39
48 43 48 42
54 38 58 38
49 38 48 38
49 43 52 43
83 39 49 40
63 40 51 40
48 38 48 38
55 38 55 38
65 40 59 38
77 49 49 43
156 38 80 38
49 38 47 40
45 38 46 38
50 38 50 39
55 38 61 43
53 43 68 48
61 43 50 40
99 40 50 38
47 38 55 43
47 38 50 38
59 45 45 40
85 40 53 38
43 40 43 38
55 45 59 38
53 43 43 43
88 38 65 52
81 38 64 38
60 45 55 42
67 40 53 40
50 38 46 38
56 38 48 38
50 38 61 40
51 43 60 43
64 38 64 39
74 48 74 48
48 38 48 40
54 43 52 48
145 54 51 43
48 38 48 38
81 50 56 38
57 43 53 43
91 48 85 47
57 43 57 44
112 45 72 49
66 43 56 40
54 38 54 39
263 50 99 46
65 38 40 38
61 45 52 39
63 45 63 45
44 38 41 40
51 38 52 40
53 45 57 43
57 38 54 46
48 38 42 40
55 43 58 43
55 43 58 38
64 43 53 43
75 46 46 40
53 38 48 38
50 38 50 38
84 45 51 38
110 68 44 40
43 40 43 40
70 38 70 38
50 40 51 40
93 38 82 52
68 40 40 40
56 40 61 40
49 43 46 38
44 38 44 38
64 43 63 44
61 38 48 40
66 48 80 45
65 38 52 43
72 43 55 45
58 43 80 47
79 47 43 43
99 43 61 48
45 38 44 38
103 40 45 43
66 43 45 40
52 38 52 43
44 38 44 39
59 38 59 38
61 43 46 43
63 38 67 40
65 43 63 50
77 47 87 40
187 48 43 40
256 58 75 40
51 38 58 38
49 40 54 43
43 40 38 38
62 49 62 49
80 48 56 40
70 38 68 38
70 40 57 39
51 43 46 38
50 40 50 40
75 38 54 40
50 38 50 38
60 40 47 38
42 39 38 38
88 48 61 38
53 38 74 38
46 40 41 40
46 38 53 38
55 38 61 40
69 40 59 43
64 38 95 47
67 48 63 43
75 40 88 43
65 53 49 40
47 38 43 38
54 38 60 45
129 40 70 43
73 38 52 43
130 45 50 45
46 38 66 38
56 38 54 38
48 38 44 39
45 38 62 40
135 40 52 43
57 43 56 43
51 38 51 38
86 47 49 47
44 38 63 49
51 43 61 38
50 38 50 38
64 45 47 38
80 42 63 44
47 38 47 38
64 38 48 38
109 43 60 40
140 40 106 40
100 40 58 38
45 40 78 49
52 38 52 38
52 43 49 43
72 50 46 43
46 38 46 39
51 38 55 38
46 38 41 38
61 45 61 38
55 38 48 40
97 43 97 44
68 45 54 43
48 43 47 43
70 45 59 44
53 38 53 38
70 43 60 38
63 38 48 40
67 38 67 39
101 45 70 43
44 38 54 38
43 38 58 40
47 40 56 40
80 38 54 38
65 43 45 40
106 42 52 39
91 53 88 49
62 38 48 38
40 38 47 38
68 43 73 40
51 38 51 39
54 43 61 43
55 38 74 45
151 54 71 40
53 38 52 40
63 38 62 40
49 38 49 38
67 47 46 38
51 38 54 47
52 38 49 38
44 40 44 38
59 38 43 39
78 43 77 43
56 38 67 38
63 38 49 40
43 40 42 40
46 38 64 38
46 38 44 38
68 38 55 38
72 50 73 40
54 38 39 38
144 59 58 40
41 38 41 38
79 48 74 48
66 40 47 40
45 43 45 38
53 38 41 40
43 38 51 38
165 48 45 40
51 38 51 38
78 38 47 42
70 40 96 49
46 38 54 45
52 38 51 39
52 43 52 45
46 39 48 38
68 38 68 39
58 38 56 45
91 45 62 44
103 43 60 38
45 38 61 40
65 38 65 38
51 38 51 38
71 38 44 38
90 50 59 38
61 38 56 40
117 38 72 38
50 44 49 43
70 38 78 38
92 43 59 43
50 38 46 38
48 43 41 38
147 38 111 49
49 38 49 40
53 38 54 38
56 38 48 40
59 40 53 40
50 40 47 38
137 43 59 40
57 38 51 40
63 38 53 38
99 43 49 39
95 38 108 55
173 51 92 46
49 40 61 53
253 40 74 40
50 44 53 44
60 47 46 40
45 38 48 38
71 45 58 39
53 38 52 38
106 70 46 40
48 38 50 43
254 65 57 38
61 38 61 38
47 39 51 38
60 38 55 43
78 38 69 47
52 38 41 38
44 38 45 38
58 43 49 38
76 47 77 47
89 48 95 45
54 38 47 40
95 38 42 38
59 43 59 43
60 43 50 40
54 38 49 40
50 40 57 43
63 39 58 39
59 42 47 45
57 47 57 47
67 43 49 43
73 40 85 38
129 40 64 40
53 40 51 40
58 38 51 40
66 40 40 38
78 44 47 38
134 50 50 43
60 38 64 43
55 38 42 38
58 42 50 38
69 38 69 40
51 38 56 38
71 48 60 43
701 98 53 38
52 38 55 48
49 38 49 38
48 38 48 39
63 48 60 38
46 38 46 38
102 39 55 49
53 38 47 38
49 38 49 39
58 38 46 38
58 38 53 38
90 43 81 48
108 38 74 40
57 47 59 49
67 56 42 40
61 42 53 43
48 38 48 38
55 39 64 46
58 38 47 40
68 38 58 38
78 43 49 40
49 38 49 38
72 38 58 38
100 38 66 38
82 42 82 42
104 40 93 46
43 38 47 40
53 38 53 40
49 38 44 38
45 40 49 38
103 43 54 48
65 45 70 46
104 38 144 43
54 40 42 39
115 47 54 40
41 38 39 38
53 40 48 45
88 51 65 40
102 52 56 45
88 43 71 40
72 38 58 40
46 38 46 38
93 43 66 38
54 43 44 38
58 38 58 39
51 40 75 45
70 40 47 40
72 50 47 40
69 43 75 43
43 38 55 38
70 38 61 40
56 45 48 43
43 38 43 38
47 38 47 38
96 49 93 44
43 38 47 40
64 42 64 38
96 38 113 48
112 38 90 48
61 38 45 39
47 43 47 45
83 38 59 43
52 43 52 45
134 54 66 38
131 56 81 38
80 45 51 38
46 40 52 43
52 38 63 38
58 45 127 44
53 38 40 38
88 45 49 40
52 40 42 40
50 38 42 39
49 38 49 38
56 38 62 40
44 39 44 38
56 38 62 45
58 38 49 38
67 54 46 40
62 43 52 40
44 38 77 48
61 43 43 39
49 38 46 39
51 40 51 40
51 40 51 40
66 43 60 40
46 44 46 43
78 43 51 43
43 38 44 38
43 38 49 43
62 38 44 38
58 43 43 40
56 43 48 40
50 38 45 40
133 43 94 43
57 40 53 38
54 38 54 40
120 47 83 48
54 38 47 40
65 38 65 38
72 42 45 43
46 43 46 43
42 38 41 38
54 38 63 38
81 38 83 49
94 47 66 43
46 38 53 40
51 38 47 38
52 38 52 38
96 40 49 38
59 45 50 43
70 38 66 48
161 38 86 47
39 38 39 38
108 40 47 38
69 40 70 38
54 38 61 46
59 40 57 44
62 49 60 38
52 38 42 38
53 43 69 40
79 45 66 38
89 48 59 40
76 38 101 44
42 38 42 39
57 38 71 40
45 38 46 38
64 49 81 40
114 48 83 40
52 43 58 44
81 40 84 45
44 38 44 40
47 38 39 38
68 51 68 51
86 38 48 38
58 38 58 38
63 40 48 39
49 38 72 45
56 44 74 38
71 38 87 43
47 38 46 43
44 39 44 38
63 47 57 47
103 47 47 38
129 40 45 38
282 38 72 40
113 40 106 40
64 40 64 38
61 38 61 39
76 43 81 50
52 43 41 39
71 43 54 47
65 50 71 52
49 38 45 39
83 38 43 38
50 43 45 43
65 43 56 43
92 40 126 38
60 38 60 39
63 40 52 38
57 43 59 51
51 38 82 49
52 40 52 40
45 38 41 38
52 38 73 51
52 40 52 40
46 38 67 54
51 38 50 40
48 40 48 42
57 49 49 38
79 40 44 38
51 40 51 40
49 38 48 43
54 38 43 39
59 43 53 47
119 40 89 38
43 40 46 38
60 43 60 45
49 43 46 43
52 43 48 40
143 48 63 40
80 45 78 44
66 38 67 44
66 43 55 39
70 40 69 40
64 38 64 38
45 38 52 38
61 38 67 51
51 38 58 44
84 43 62 43
43 38 39 38
46 38 44 40
83 45 71 45
81 38 69 38
61 38 42 40
61 38 46 38
58 48 50 38
55 38 47 38
41 38 43 38
72 38 42 40
95 38 78 43
56 40 53 40
625 43 53 38
41 38 42 38
55 38 63 45
87 38 60 43
55 38 54 38
67 38 72 40
86 50 60 46
75 47 60 40
70 45 45 38
40 38 40 38
44 38 44 39
45 38 45 38
52 38 52 38
47 43 54 40
207 38 104 40
60 43 60 40
47 38 63 43
62 47 48 40
95 49 69 44
98 47 53 40
72 39 62 38
63 47 47 43
62 38 62 38
72 49 60 38
60 43 60 43
81 38 73 38
71 55 45 40
59 38 58 45
68 43 52 40
50 38 46 40
50 38 52 47
58 40 71 48
70 38 57 38
52 43 61 48
65 38 65 38
72 38 63 52
52 40 48 43
97 40 50 40
61 40 44 40
43 38 49 38
48 40 51 40
59 38 56 38
71 50 112 55
99 54 75 38
55 38 53 38
56 38 58 43
67 40 74 39
68 38 44 40
60 38 55 43
58 38 45 39
53 40 100 43
63 43 87 38
144 52 67 45
58 40 47 39
51 38 58 52
59 52 56 42
50 38 41 39
53 38 52 38
63 38 63 38
150 43 59 38
93 45 60 47
84 42 55 38
65 38 62 39
45 38 45 39
71 45 52 46
65 38 65 38
75 38 72 40
72 45 50 38
46 38 64 40
76 43 89 38
67 38 50 38
81 43 51 39
51 38 56 40
83 48 56 43
43 38 43 39
63 48 122 44
90 45 76 46
162 42 116 48
43 38 38 38
156 47 67 40
52 38 66 42
45 43 45 43
46 38 46 38
53 47 49 40
51 40 45 40
154 38 47 38
451 81 67 40
50 43 49 43
60 43 66 40
50 38 50 39
61 47 44 40
46 40 64 38
58 40 43 38
61 42 53 47
134 47 88 52
87 40 89 42
54 39 44 40
53 38 49 38
58 38 56 40
48 43 48 43
46 38 52 43
67 45 55 38
73 43 65 44
59 47 67 48
85 43 53 38
40 38 40 38
39 38 48 38
51 38 45 38
69 43 45 38
87 45 80 47
61 49 61 46
54 38 54 39
52 38 52 39
57 47 48 40
59 38 55 39
109 51 83 38
65 42 51 38
59 40 59 40
44 38 44 38
44 38 50 38
63 40 43 38
76 43 67 40
139 45 62 45
57 43 57 43
67 38 67 38
64 38 59 38
72 38 59 46
45 39 66 45
45 38 55 43
47 38 47 38
67 46 48 43
85 46 70 46
66 38 66 38
68 40 96 43
51 38 53 38
43 38 46 38
83 50 74 48
72 38 52 40
48 39 70 54
43 40 42 38
73 45 60 38
72 38 72 39
52 38 49 38
67 38 59 40
43 38 53 45
47 43 45 40
54 38 46 40
70 45 50 38
86 43 86 48
81 43 81 43
95 45 66 38
48 38 42 38
51 43 45 43
91 45 64 47
71 40 42 38
84 38 55 38
65 43 139 49
57 45 57 47
81 38 69 38
59 38 70 40
60 47 46 40
62 43 48 43
140 52 97 43
40 38 50 40
57 38 51 40
54 40 98 45
49 43 49 43
80 38 65 40
75 47 57 40
116 45 58 43
71 38 50 38
60 43 69 50
42 38 49 40
58 38 90 47
53 48 56 40
97 48 65 40
45 39 50 39
52 38 56 40
55 38 45 38
84 40 56 38
53 38 47 38
52 40 52 38
49 38 45 40
92 43 71 38
70 49 40 38
79 40 44 40
47 43 58 40
70 48 70 48
61 42 60 44
96 43 51 38
163 43 71 43
49 38 49 38
88 46 49 38
60 49 52 38
60 38 113 45
68 48 48 38
69 38 42 40
53 38 54 40
50 40 57 51
43 39 60 38
51 38 51 38
158 43 117 44
158 49 52 38
50 38 60 40
101 45 77 43
55 39 66 46
92 38 76 38
68 38 45 40
49 38 38 38
52 38 52 38
52 42 47 40
40 38 40 40
105 42 87 52
73 43 57 43
55 38 39 38
42 38 44 38
99 54 71 47
86 38 57 40
44 39 78 50
71 46 63 44
55 38 56 43
89 38 93 49
66 43 56 43
61 43 58 38
56 38 56 38
76 43 60 45
45 38 99 49
89 38 58 40
46 43 44 38
104 38 104 40
68 38 62 49
120 43 105 45
180 48 103 39
156 43 57 43
59 38 64 46
77 38 62 43
154 54 88 53
100 43 62 46
69 43 61 47
125 38 62 38
48 40 48 38
66 38 70 45
53 38 78 40
129 48 46 38
41 38 51 39
51 38 47 38
93 49 67 45
59 38 57 40
69 38 57 40
56 38 48 43
60 38 53 40
56 38 47 39
54 38 51 39
103 38 132 47
69 38 63 38
51 38 77 47
74 38 58 38
60 38 46 38
64 38 48 38
65 43 92 38
125 48 89 38
52 43 46 38
53 38 57 38
42 40 42 40
429 45 64 44
42 38 42 38
51 38 51 39
54 40 54 40
84 38 57 38
53 38 45 40
100 45 62 40
65 38 56 40
68 54 76 49
203 38 44 38
75 49 54 40
62 47 54 38
94 40 44 40
47 39 47 38
67 38 58 38
109 38 123 47
57 38 57 38
56 47 50 43
59 38 59 38
51 38 47 38
72 52 68 47
80 38 60 40
44 40 44 40
66 48 66 48
55 47 77 48
77 50 56 45
40 38 40 38
56 39 56 38
61 39 71 38
50 39 47 40
57 38 59 44
99 43 43 38
54 38 46 40
71 52 51 43
96 58 71 45
41 38 49 39
58 38 45 40
74 44 59 38
48 40 55 40
66 43 66 43
138 45 74 38
176 61 62 40
46 39 60 38
66 40 60 39
48 38 43 38
67 45 47 44
75 38 56 43
43 40 69 40
52 43 55 43
75 38 45 38
271 55 56 46
78 40 45 38
92 38 61 38
43 40 44 44
67 43 52 38
79 47 57 43
44 38 45 39
62 38 62 43
55 38 54 38
47 39 47 38
51 38 76 38
96 38 89 48
47 40 47 40
55 38 55 40
108 58 82 38
64 38 64 39
62 42 69 40
57 38 50 40
76 58 63 38
61 43 57 40
58 40 58 40
51 38 53 40
52 38 52 38
70 38 69 47
50 44 62 47
44 38 52 40
47 45 41 38
97 48 48 38
83 38 79 45
66 40 65 43
108 54 48 40
85 43 50 43
53 49 53 49
44 38 44 38
60 38 47 40
107 49 61 48
68 50 43 38
59 47 52 39
69 38 78 49
113 45 98 44
52 38 47 38
53 38 49 43
48 43 48 43
67 48 60 43
51 43 51 44
60 42 44 38
49 38 44 40
44 38 44 40
60 43 60 40
49 38 47 39
120 53 65 40
41 38 41 38
60 43 58 51
94 38 58 40
41 38 41 38
49 40 61 38
70 40 83 56
57 42 64 38
72 43 64 38
48 38 48 38
49 38 49 38
55 43 47 39
40 38 49 38
57 38 62 40
56 43 51 45
81 43 63 48
60 40 63 43
44 38 44 38
51 40 51 40
57 43 46 43
78 40 58 45
64 40 91 49
64 38 58 48
56 40 71 38
47 38 52 43
102 60 57 43
54 39 48 43
54 45 58 40
42 40 41 40
59 40 51 39
49 38 51 40
58 38 56 43
47 38 47 38
54 43 52 43
48 38 46 38
66 42 53 38
46 43 46 44
74 45 56 43
57 38 45 38
112 38 49 42
46 38 44 38
56 44 74 46
49 45 48 43
95 39 76 45
47 43 53 45
70 47 53 40
49 38 55 38
50 38 50 40
44 38 44 38
84 47 66 40
87 49 87 52
69 38 77 40
69 39 48 43
60 42 52 45
57 38 64 40
49 40 49 40
47 38 47 38
46 38 54 40
66 40 66 40
47 38 66 40
40 38 50 38
54 50 47 43
66 38 66 39
71 38 46 38
45 38 41 38
100 61 59 46
154 40 73 43
60 38 76 43
68 40 47 40
43 39 55 38
70 48 43 40
76 40 40 38
54 38 71 46
79 46 58 43
48 44 55 45
55 45 52 39
60 43 55 40
66 51 63 43
86 40 59 38
55 38 55 38
90 48 59 40
57 40 53 44
63 47 68 44
68 40 64 48
43 39 43 38
52 38 44 38
61 40 63 38
48 38 48 38
84 38 58 38
61 38 99 45
64 43 59 40
46 38 46 38
43 38 41 38
58 38 44 38
52 43 52 44
51 38 47 38
54 38 46 38
57 39 48 38
50 45 45 38
49 42 57 40
105 54 59 38
50 43 51 43
50 43 71 43
69 38 69 38
59 43 50 43
109 45 50 43
64 38 64 39
61 43 61 43
53 38 49 38
442 49 83 48
67 38 44 38
46 38 46 38
67 45 68 38
50 43 58 38
54 38 48 38
139 38 74 40
63 38 49 38
83 38 58 40
69 51 59 45
81 47 81 47
47 43 51 43
81 43 99 43
51 38 52 43
39 38 42 38
51 38 40 38
44 38 39 38
48 40 44 43
41 38 41 38
64 43 85 53
69 38 65 40
49 38 44 40
63 43 65 40
105 40 67 40
53 40 49 38
95 38 57 40
91 49 75 40
49 38 51 43
40 38 49 40
62 43 51 43
65 38 52 38
324 40 78 44
51 38 53 40
48 40 55 40
345 47 80 48
73 45 64 38
77 54 66 38
39 38 121 50
49 38 46 38
56 38 45 38
48 38 43 38
48 40 48 40
57 43 50 47
48 38 48 38
228 57 67 40
93 38 53 45
48 40 47 40
55 38 79 44
45 38 43 38
109 51 66 40
50 43 47 44
50 40 39 39
78 38 78 40
72 53 59 38
84 43 57 43
75 38 50 43
52 38 59 45
58 38 56 38
64 43 65 45
54 38 72 40
175 42 67 45
62 40 52 38
40 38 39 38
61 43 61 43
47 38 50 40
40 38 41 38
78 47 62 45
45 40 46 38
119 45 64 40
45 38 55 43
52 38 53 42
46 38 46 39
41 38 56 46
93 40 52 45
75 48 75 48
51 38 43 40
77 38 77 38
52 38 49 43
50 38 51 44
45 40 41 40
63 40 47 38
40 38 40 39
73 38 90 48
59 43 67 51
46 38 47 40
62 38 85 47
70 43 61 43
47 38 54 46
51 38 51 39
71 40 62 40
54 43 51 43
50 38 62 47
74 43 55 40
103 45 71 43
46 38 50 40
83 40 89 38
57 38 57 38
52 38 52 39
43 38 39 38
62 40 67 40
49 40 41 38
107 40 84 39
63 38 63 48
78 40 46 43
40 38 48 38
80 38 80 38
65 38 72 43
100 38 57 38
77 51 61 38
42 38 46 38
49 38 65 52
55 38 55 40
164 70 55 47
255 47 105 40
52 38 52 38
50 40 43 38
53 38 46 38
49 38 49 38
45 38 66 47
62 46 62 46
63 38 63 46
104 38 58 43
112 45 59 40
46 38 44 42
71 45 46 43
94 40 59 40
47 42 52 38
74 40 65 48
49 43 49 43
45 38 45 38
77 51 71 40
49 38 47 39
57 43 60 43
59 38 44 40
49 38 52 40
44 38 64 38
57 38 87 42
63 40 84 48
60 38 59 45
73 38 48 38
55 38 61 40
59 38 61 45
47 38 57 40
46 39 46 38
64 38 59 40
86 38 72 45
57 45 85 49
59 44 54 43
46 40 65 40
48 40 51 45
68 38 70 38
46 38 44 43
66 38 164 71
57 39 55 45
45 38 45 38
56 38 56 40
60 38 60 38
81 49 67 38
66 40 65 54
46 38 51 46
91 50 47 43
50 38 64 40
85 45 50 38
53 38 53 39
94 38 105 39
121 54 59 40
66 38 53 38
81 45 43 40
45 38 47 38
48 44 53 45
78 59 56 45
146 51 213 66
61 38 46 38
73 40 53 40
115 43 78 43
268 51 81 39
53 40 72 52
73 38 50 38
49 38 49 38
124 40 61 39
55 38 53 44
48 38 58 49
104 50 57 47
67 38 74 52
57 45 54 40
78 45 70 38
53 48 45 38
72 38 70 40
54 38 50 38
48 38 48 38
82 38 125 51
68 40 61 38
53 38 42 39
55 38 50 40
77 38 85 48
55 38 64 38
62 44 49 46
62 43 51 43
58 38 76 43
76 43 46 38
85 45 74 44
55 40 65 40
74 43 62 43
63 38 49 43
88 38 83 40
88 48 68 40
50 38 59 40
47 45 47 45
70 45 60 40
58 38 47 38
96 47 58 40
59 43 50 40
83 43 63 38
68 43 46 44
101 38 114 38
55 45 51 43
70 38 40 40
80 38 70 45
45 38 45 38
56 38 43 40
46 38 48 38
51 39 51 38
117 38 72 40
44 38 38 38
68 38 48 38
82 38 70 38
56 40 58 45
97 45 72 40
58 38 57 38
82 43 81 43
43 38 43 39
75 46 47 38
250 38 165 65
44 40 47 39
55 38 49 43
57 43 57 43
173 49 69 43
49 40 46 38
40 38 40 39
53 43 53 43
74 45 64 40
80 45 53 42
57 39 57 39
68 40 62 43
43 38 43 39
74 38 48 38
50 42 52 38
67 38 48 38
49 43 49 44
47 38 63 44
83 38 86 57
66 38 83 40
76 42 47 43
63 43 59 43
72 38 70 45
60 40 60 40
43 38 43 38
54 38 50 40
46 43 46 43
70 45 51 43
47 38 52 38
62 38 54 42
55 38 104 46
54 38 67 44
150 40 78 45
47 43 47 44
72 43 51 43
48 40 42 38
75 40 49 40
135 40 62 40
100 40 100 40
68 47 46 40
93 54 61 40
66 38 47 40
65 49 53 38
48 38 48 38
98 38 77 40
52 38 47 43
49 38 49 38
42 40 42 38
153 48 153 50
70 40 69 48
55 38 80 46
52 43 50 43
51 38 60 43
101 38 73 40
65 38 73 45
98 51 45 40
57 38 40 38
63 45 76 40
107 43 101 45
52 38 46 38
60 38 46 38
47 40 59 42
83 43 51 43
104 48 47 40
60 38 59 46
54 39 54 39
71 38 55 40
72 38 41 38
53 42 56 40
47 38 66 49
41 38 38 38
60 38 53 38
99 45 66 43
60 41 60 38
50 38 50 38
59 38 39 38
111 43 141 50
44 38 53 38
118 38 60 38
55 38 61 46
67 43 62 43
254 51 62 43
65 38 55 40
47 38 57 38
48 38 62 48
62 48 58 38
115 40 71 38
61 38 49 38
51 40 63 43
151 51 50 39
52 38 53 38
49 40 48 40
45 38 49 45
41 38 41 38
41 38 41 38
48 38 48 38
57 43 72 43
88 38 64 38
71 43 76 43
73 50 42 38
59 38 50 43
83 47 54 40
48 38 53 38
62 43 64 43
56 42 51 38
45 38 58 38
51 38 84 43
54 43 54 43
45 38 39 38
109 45 82 45
71 44 72 38
80 38 71 48
85 38 85 39
56 42 47 38
66 38 69 47
96 48 61 38
50 40 44 38
117 38 72 43
70 38 52 38
89 38 75 55
57 45 62 42
47 43 52 40
84 45 55 40
76 38 54 39
46 38 46 40
75 48 85 48
58 43 60 45
48 38 48 38
78 38 70 40
66 43 96 40
81 43 109 43
48 40 48 40
50 39 60 40
89 42 50 40
83 45 66 43
75 50 69 43
52 38 47 38
50 44 70 49
61 38 54 38
57 38 65 40
48 38 48 38
81 38 86 55
50 38 50 38
53 38 55 38
41 38 41 38
66 38 66 39
49 43 48 38
153 64 46 40
75 52 44 38
45 38 61 44
50 38 51 38
45 38 45 38
49 38 40 39
105 56 74 43
58 38 72 52
45 38 68 43
164 50 209 61
87 47 51 45
60 45 66 40
49 43 49 45
49 40 47 38
100 40 44 38
76 40 51 40
101 40 54 43
95 42 43 38
99 54 64 43
66 38 42 38
53 47 57 40
60 47 47 40
44 38 43 40
48 38 41 38
49 40 53 44
52 38 51 40
53 38 41 40
45 40 47 40
46 40 65 40
63 38 63 38
43 38 43 40
63 42 59 38
60 38 70 43
62 49 56 48
70 38 61 38
50 38 50 38
41 38 48 38
62 40 62 40
43 40 44 40
115 57 54 38
126 40 50 40
82 47 60 43
72 43 61 38
58 43 58 50
49 40 84 53
82 40 42 40
54 42 53 38
51 38 47 40
97 38 58 38
58 38 58 42
45 38 47 38
75 38 55 38
59 38 59 38
79 51 67 43
45 38 45 38
45 38 40 38
41 38 41 38
55 38 55 38
60 38 62 47
57 47 66 48
51 39 51 38
62 43 65 43
46 38 52 38
66 38 66 39
67 42 49 38
102 43 81 43
55 38 50 40
51 43 51 43
210 56 62 43
46 38 44 38
46 38 50 43
60 40 52 45
53 43 59 43
62 38 56 43
89 40 74 43
54 39 68 43
48 38 47 38
53 42 82 45
143 47 57 43
40 38 40 38
55 39 55 40
211 40 80 45
81 38 70 38
54 38 54 38
78 39 73 40
81 49 55 38
56 38 56 39
70 38 42 40
55 38 56 38
47 38 47 39
88 56 51 38
64 38 56 43
132 42 70 50
46 40 53 39
48 43 48 45
54 45 54 43
47 38 47 38
59 38 51 40
58 48 55 48
59 43 66 43
63 38 51 40
120 40 49 38
60 40 46 40
72 38 53 38
82 38 53 43
55 43 66 46
50 40 47 38
57 38 67 40
46 40 55 40
57 43 57 47
57 45 83 58
50 38 45 38
54 39 70 43
59 38 65 41
45 38 46 38
43 38 49 43
65 38 70 40
46 38 51 45
73 38 65 38
68 47 52 38
58 38 46 40
65 38 75 38
47 43 47 43
60 43 49 38
62 38 68 40
75 43 66 40
86 47 44 40
107 40 46 40
63 40 65 40
56 43 52 40
60 38 48 40
50 38 51 43
51 38 48 38
65 49 73 43
68 38 92 49
50 40 49 40
62 43 48 40
55 38 54 45
85 39 78 42
65 42 62 39
46 43 48 43
55 38 117 43
56 38 56 40
61 38 61 39
76 38 62 45
67 54 63 40
64 38 64 38
116 40 53 38
51 38 55 40
60 38 59 45
64 38 68 38
68 45 60 47
54 42 52 40
83 45 40 40
59 38 59 38
59 40 58 46
147 45 51 40
56 47 56 48
129 48 83 43
79 38 49 38
92 45 58 40
62 38 45 38
51 38 50 40
125 45 64 38
108 38 131 48
143 45 88 39
62 40 59 38
39 38 41 40
42 38 43 38
70 38 65 40
44 43 51 43
125 54 58 40
42 38 38 38
73 43 68 43
118 40 59 44
60 52 108 51
51 38 40 38
56 38 78 38
50 43 50 43
69 38 43 40
130 38 49 40
168 40 99 45
90 52 86 44
56 38 56 38
60 43 44 38
75 51 64 51
46 38 46 39
51 38 52 38
58 46 50 43
75 43 58 43
58 43 60 43
102 38 54 38
57 40 62 38
67 38 64 48
70 38 49 40
57 47 46 40
63 47 52 40
74 38 53 40
123 40 43 40
72 38 56 40
79 43 74 48
55 38 75 54
66 43 66 44
64 38 45 40
60 38 43 38
55 38 51 38
72 40 72 39
49 38 87 38
62 43 50 43
95 47 45 40
99 45 106 62
69 38 80 38
132 40 55 38
93 38 48 38
68 43 48 38
47 38 41 38
62 38 95 47
56 50 66 48
62 38 69 47
54 40 48 40
84 45 55 45
46 40 46 40
53 43 53 43
50 39 51 38
55 45 51 38
75 38 57 38
60 43 62 40
66 47 49 47
178 43 77 48
40 38 46 38
73 43 83 40
79 38 98 49
56 38 66 44
98 38 51 38
82 39 65 40
100 40 54 38
45 39 45 38
80 56 64 40
65 45 49 40
66 38 40 39
69 43 74 46
86 40 48 38
51 38 49 38
68 38 87 43
62 38 60 40
85 55 47 40
45 38 52 45
47 43 59 38
52 40 60 43
56 38 62 42
89 40 55 38
144 40 48 43
46 38 46 39
64 38 43 40
67 40 46 38
55 43 55 44
73 38 65 40
68 40 71 42
58 40 69 38
90 47 55 40
59 45 52 40
77 43 48 38
53 38 46 40
61 48 73 43
97 38 52 38
42 38 65 49
47 38 47 40
88 43 108 45
51 47 43 40
72 46 55 43
65 49 53 38
96 54 49 40
69 38 55 38
47 38 39 38
87 43 104 43
63 38 62 38
100 48 96 47
56 38 61 38
52 38 52 39
46 38 46 38
53 43 58 47
66 44 66 43
82 40 47 40
109 46 72 40
51 47 47 43
84 40 67 38
56 38 54 40
50 42 41 38
90 53 64 52
48 38 38 38
51 38 59 43
79 43 65 45
96 40 58 47
50 38 48 40
42 38 42 38
41 38 43 40
65 40 68 40
77 40 77 40
70 51 49 43
69 43 83 57
98 47 46 43
72 49 55 38
44 38 50 38
95 56 61 45
45 38 52 38
41 38 45 40
95 48 52 40
53 43 53 43
101 38 101 39
97 38 121 60
60 38 69 47
60 38 60 38
59 38 59 38
55 43 41 38
108 40 77 40
105 40 47 38
67 46 43 38
61 40 44 38
57 38 48 43
104 40 91 52
75 39 47 39
60 40 59 40
81 38 50 40
50 44 50 44
51 38 48 38
80 40 67 40
65 43 46 40
50 40 63 51
62 42 50 40
48 38 83 43
66 38 88 51
40 38 40 38
52 40 56 40
90 47 56 38
51 43 47 38
46 38 42 38
74 38 63 49
69 43 45 38
72 42 68 45
61 45 74 43
54 43 45 43
50 40 50 40
43 38 43 38
40 38 44 42
50 38 44 38
89 38 49 40
74 49 58 45
67 43 49 40
124 53 65 50
60 38 61 43
87 52 75 45
85 38 92 48
45 38 54 43
81 49 46 43
56 38 46 43
55 38 60 43
55 40 66 46
77 56 60 45
49 40 48 38
57 38 51 38
56 38 56 43
72 43 72 43
55 38 80 47
68 38 60 47
59 38 49 38
71 40 46 40
68 43 68 43
77 52 79 51
56 38 52 40
59 40 54 40
53 38 53 38
93 64 42 40
53 42 53 40
67 38 68 40
49 40 49 38
50 40 50 40
85 49 55 38
106 38 74 47
78 47 66 42
71 38 77 38
43 38 59 38
100 43 100 43
87 43 49 40
49 38 59 38
60 38 60 45
63 47 61 48
55 40 55 40
54 38 57 38
73 48 52 43
71 43 73 43
49 38 49 39
69 38 54 48
71 43 62 43
43 38 43 39
87 45 79 43
49 38 53 38
41 38 42 40
131 45 71 40
52 38 60 38
48 38 55 51
136 43 88 40
61 38 56 38
94 43 49 40
66 38 61 39
73 44 43 40
45 38 83 38
51 40 41 38
54 38 62 40
56 38 66 43
58 38 48 38
54 38 43 38
50 38 47 38
54 38 54 40
233 63 100 51
87 45 70 40
48 38 69 55
143 59 78 48
59 49 50 40
53 38 59 45
59 38 74 47
56 38 52 40
57 43 59 45
53 38 53 38
92 47 58 48
73 39 67 47
46 44 45 38
69 38 56 43
71 48 50 38
99 43 51 38
45 38 43 38
67 38 57 39
120 45 67 45
80 38 53 38
78 40 78 40
50 38 60 38
118 45 60 42
297 44 42 39
109 40 61 40
64 38 73 51
48 38 48 39
63 52 54 45
251 43 122 38
63 49 54 43
44 40 54 38
50 40 50 40
64 40 64 40
116 43 69 43
125 50 77 43
57 38 70 40
85 47 79 46
43 38 43 38
55 40 48 40
53 39 69 40
58 43 46 40
53 38 52 38
73 47 73 48
61 39 45 43
49 45 51 40
47 38 44 39
67 38 67 38
47 40 65 43
117 38 79 43
53 38 63 43
61 43 59 46
47 38 53 38
54 38 46 38
62 43 58 44
64 51 49 40
68 40 57 38
72 38 104 38
63 38 47 40
67 40 48 40
44 39 51 39
214 79 46 40
52 38 77 45
52 38 52 39
139 38 64 38
57 38 41 40
46 40 52 43
94 38 88 45
87 38 61 40
42 38 42 38
73 43 67 43
92 43 43 38
104 48 57 48
57 38 42 38
73 38 72 50
44 39 46 38
58 43 50 38
74 38 74 38
80 38 72 40
72 43 73 40
63 43 61 44
56 43 50 43
64 48 58 45
145 40 56 40
45 40 52 40
49 38 47 40
63 40 65 40
81 38 51 39
65 40 56 38
65 42 65 42
54 40 69 38
54 38 52 47
67 47 57 47
49 38 69 48
64 38 56 38
146 44 48 40
57 38 53 38
47 40 48 43
64 45 68 47
45 38 47 38
57 40 57 40
75 38 52 47
49 38 49 38
57 38 51 40
45 38 63 42
59 38 54 44
55 38 55 38
53 38 51 38
60 38 71 38
48 38 60 47
52 43 52 43
105 38 49 38
90 45 52 40
59 43 60 40
114 40 135 51
43 38 92 60
46 38 64 48
61 38 50 38
73 38 52 40
59 43 62 43
60 40 53 44
47 38 55 45
64 38 64 38
67 40 55 45
81 49 51 38
113 52 82 43
48 38 47 45
53 38 50 40
54 38 54 43
89 43 89 43
51 43 51 43
53 45 53 39
51 38 63 43
46 38 42 38
57 43 52 44
105 39 65 38
54 43 47 43
54 38 54 40
63 45 90 43
51 43 50 38
46 38 38 38
65 43 62 43
52 40 50 38
58 40 55 44
54 38 38 38
103 45 81 47
73 40 56 40
106 38 66 45
89 38 62 40
67 49 53 43
98 38 80 43
84 38 58 38
42 38 52 38
58 38 58 40
58 45 58 43
46 45 46 46
80 38 48 39
51 40 52 40
40 39 57 38
69 38 43 38
57 38 57 38
48 38 48 40
53 43 53 43
60 43 86 40
94 40 60 40
71 38 71 39
81 40 52 43
45 39 53 48
136 40 55 38
66 38 42 40
52 38 49 40
52 38 46 38
43 38 45 40
69 38 87 39
65 43 69 47
59 38 59 39
49 38 52 43
55 40 56 40
93 38 93 40
58 38 65 43
107 38 51 42
103 40 70 45
72 49 72 49
42 38 54 48
60 38 60 40
68 40 44 40
128 45 46 38
64 46 71 45
43 38 43 38
192 50 55 45
53 38 55 43
68 47 42 40
70 38 58 38
68 40 47 40
46 43 46 45
49 38 74 38
66 40 45 38
67 47 48 40
65 39 51 40
45 43 45 43
57 38 53 44
60 38 75 48
72 45 70 40
99 40 59 44
67 48 75 43
115 43 48 38
75 38 121 49
84 38 46 40
169 38 57 43
90 43 56 43
43 38 47 44
111 40 68 45
83 48 66 38
65 38 53 45
136 47 153 47
42 38 45 40
54 38 45 40
47 38 42 38
60 49 47 40
53 43 57 38
55 43 57 43
91 40 91 40
43 38 56 43
44 38 126 56
43 38 51 43
51 40 63 38
94 45 120 42
52 40 47 40
50 43 51 43
65 40 54 38
56 38 38 38
86 54 61 45
90 47 65 40
57 40 45 38
56 38 56 39
62 48 64 52
79 43 53 40
50 38 70 38
49 43 55 38
157 54 89 47
58 40 72 43
99 38 53 38
61 43 61 43
60 38 60 40
89 45 48 40
82 43 74 43
50 38 50 38
194 38 67 38
61 43 45 38
67 38 55 45
47 38 55 38
44 38 44 39
108 47 87 43
74 47 44 40
54 38 47 38
63 38 51 40
57 38 68 38
79 38 85 58
91 38 60 39
44 38 43 38
63 47 47 38
56 40 60 43
79 38 59 38
46 38 79 50
75 39 48 40
64 40 79 48
89 45 71 43
68 43 67 45
90 48 90 48
51 38 51 39
61 43 42 40
50 38 50 39
78 45 66 43
60 38 66 43
54 43 52 48
80 38 56 40
49 38 49 42
63 38 55 45
50 38 44 40
58 38 44 38
73 50 59 43
62 43 71 43
58 38 59 40
55 45 46 38
60 38 65 40
53 38 57 38
94 50 53 39
83 40 42 39
48 45 42 38
49 40 49 40
154 54 72 43
51 38 51 38
62 38 72 43
114 57 48 43
152 63 80 40
67 50 74 48
73 45 55 40
64 45 64 43
58 38 59 43
60 38 60 38
77 43 69 50
61 45 57 43
81 52 50 38
51 38 45 40
61 43 58 38
53 45 53 45
51 40 51 40
68 40 79 47
77 45 47 40
52 40 44 40
100 51 72 45
57 40 51 40
48 38 50 43
42 38 45 38
99 38 129 43
99 42 57 40
75 38 77 38
183 64 82 44
49 38 54 45
63 38 47 38
40 38 40 38
48 38 54 38
50 40 50 39
61 47 61 47
73 42 45 38
58 38 53 38
63 38 52 40
88 38 56 40
59 47 59 40
219 89 49 40
404 64 115 48
98 48 81 38
51 40 42 38
57 43 53 43
53 38 42 38
80 49 61 40
43 38 59 42
85 38 62 40
46 38 62 42
48 38 48 38
54 50 55 40
49 43 38 38
60 38 46 38
122 45 114 38
65 52 40 40
56 38 56 38
45 38 66 42
78 40 50 38
111 43 76 40
60 43 60 47
63 38 59 42
76 40 54 40
94 43 94 43
104 40 42 40
60 38 79 48
69 38 45 40
114 38 114 39
51 38 55 43
59 38 46 38
88 38 48 43
67 47 49 38
75 47 106 49
47 38 47 39
42 38 90 44
43 38 50 38
45 38 42 38
70 38 57 40
52 38 51 38
69 42 69 40
79 51 89 38
49 38 49 38
60 43 45 40
41 38 41 38
87 40 56 38
80 40 74 43
55 43 65 49
43 38 47 38
59 45 55 43
40 38 49 43
101 38 75 40
60 38 90 52
51 38 53 40
67 43 53 40
52 38 50 43
43 38 51 38
71 45 48 38
109 45 109 45
68 42 75 44
54 40 54 40
56 38 49 38
72 40 73 47
140 42 62 38
53 38 58 43
74 44 58 40
119 56 58 47
76 43 87 43
63 43 73 43
54 43 54 45
65 43 65 43
57 38 56 44
83 42 59 45
73 38 70 46
312 74 76 42
85 46 121 47
54 43 57 44
54 38 47 40
72 43 77 45
43 38 66 45
53 38 47 43
56 38 62 45
62 38 56 40
58 40 53 40
179 62 71 40
45 38 45 38
61 45 52 38
122 45 47 43
47 38 56 40
60 38 47 38
89 43 89 44
53 38 48 40
130 38 71 38
68 38 62 42
52 40 52 40
62 43 62 43
49 42 95 52
81 52 64 48
47 38 60 43
64 38 66 38
55 43 56 48
42 38 55 38
50 43 49 45
60 38 50 39
91 47 77 48
55 38 55 38
75 38 67 38
44 38 38 38
44 38 52 38
80 50 58 38
54 39 71 38
70 40 46 43
67 38 43 40
67 43 53 40
83 52 52 40
59 38 53 38
59 38 48 40
65 43 52 40
52 38 58 40
74 38 92 46
52 38 80 46
66 47 52 40
74 38 45 45
45 38 39 38
57 46 66 47
55 39 60 49
58 38 58 40
59 44 53 40
50 38 50 40
76 40 59 40
43 38 38 38
64 48 44 40
74 40 44 40
47 38 47 38
80 38 78 40
47 38 51 48
52 39 56 38
54 40 57 42
41 38 45 38
56 38 56 40
103 49 71 38
73 38 67 47
52 38 45 40
62 38 51 44
52 38 43 38
67 45 68 45
54 38 110 50
69 38 79 40
426 56 81 40
57 38 54 38
79 45 43 38
44 38 61 43
58 38 69 47
74 47 45 38
77 38 63 38
61 49 61 53
64 38 42 38
125 40 57 44
51 38 45 38
65 48 47 45
45 39 45 38
82 38 69 38
45 38 45 38
59 38 43 40
65 43 65 40
50 38 39 38
68 43 56 38
44 38 44 38
59 38 64 47
61 38 76 51
58 38 48 40
47 38 48 38
61 48 52 43
66 43 88 48
41 38 51 38
47 38 41 40
55 40 53 43
41 38 46 38
190 38 92 38
54 43 53 46
45 38 45 39
109 38 46 40
83 40 68 39
61 38 61 39
91 38 91 38
113 57 41 40
174 40 78 43
71 38 105 47
110 44 91 43
53 38 43 39
64 43 44 38
45 38 53 38
49 39 62 38
70 47 53 40
56 38 78 43
46 38 46 40
181 54 80 40
72 51 49 40
42 38 42 38
60 40 91 48
64 38 62 38
52 38 81 38
50 38 59 38
121 55 52 47
68 42 54 43
56 38 56 39
47 38 59 40
63 38 62 43
49 38 45 38
109 38 70 40
77 42 60 40
49 38 49 38
42 38 62 40
47 38 41 38
51 38 47 38
54 38 54 40
39 38 45 38
64 47 46 40
75 40 51 40
60 43 71 45
61 38 59 40
58 48 71 43
84 44 73 45
110 38 67 42
50 38 58 39
94 38 60 39
63 38 47 38
48 40 66 40
55 38 49 38
50 38 53 38
57 38 43 39
44 38 42 38
62 40 51 39
70 49 53 39
57 43 57 44
55 43 57 40
54 38 56 47
50 40 50 40
110 62 69 45
52 42 38 38
48 38 62 45
57 39 55 38
43 38 43 38
65 38 70 45
81 38 81 40
53 43 56 40
44 38 44 39
55 40 57 38
75 40 64 45
57 40 70 46
62 38 58 38
59 40 44 38
56 38 43 38
45 38 50 43
101 38 66 38
56 38 45 38
41 38 48 38
183 51 100 47
84 45 58 39
60 38 97 40
44 38 41 38
55 38 55 38
71 38 83 39
74 38 72 40
57 38 54 39
82 48 51 45
52 38 41 38
85 50 63 48
81 47 53 38
43 38 50 45
53 43 63 40
49 38 49 38
66 38 51 38
119 38 85 43
61 43 42 40
58 38 44 38
71 40 72 38
96 38 75 40
48 38 45 40
102 38 105 40
57 38 57 38
61 47 69 47
53 43 67 40
58 38 78 52
140 40 96 40
55 38 56 43
63 43 54 43
89 42 56 40
69 43 57 43
56 43 68 45
82 43 85 45
85 43 78 43
106 46 63 44
63 42 48 38
45 39 57 39
41 38 38 38
46 38 40 40
93 43 84 38
52 38 63 45
80 48 52 40
76 43 73 38
56 49 52 40
56 40 61 45
56 40 71 40
67 43 63 43
51 38 51 38
179 54 82 45
46 38 68 44
66 38 68 44
97 38 46 42
45 38 45 38
57 38 43 40
50 40 56 44
49 38 49 38
75 38 44 38
52 40 81 51
55 45 45 38
41 38 40 38
43 38 43 39
95 45 73 43
55 38 46 40
53 38 50 40
44 38 44 38
50 42 47 40
45 38 45 38
55 38 41 38
48 38 48 38
60 40 85 40
59 38 97 38
44 38 49 43
46 40 40 38
48 38 75 40
109 45 62 44
68 40 68 40
60 38 51 39
53 38 53 39
52 38 57 43
65 38 65 39
146 52 46 40
54 43 53 43
46 38 51 45
46 38 57 40
126 45 64 45
44 38 48 40
50 38 39 38
70 38 59 43
71 48 62 48
58 40 69 40
47 39 42 38
67 38 43 38
57 40 57 40
68 40 57 43
55 47 53 47
59 38 71 53
53 47 49 43
42 38 42 39
77 38 70 39
102 42 63 48
80 43 212 43
154 47 70 43
50 40 64 43
70 38 50 40
93 38 68 40
104 40 52 38
51 40 46 38
72 38 52 38
63 43 57 43
48 39 41 38
50 43 55 43
92 47 57 40
69 38 57 38
82 48 107 46
58 45 51 40
52 38 47 39
84 45 84 45
79 52 64 38
53 45 48 40
89 48 75 43
57 43 50 47
88 54 72 47
69 38 48 38
51 38 56 45
60 43 55 44
141 55 78 43
66 38 55 38
68 50 55 38
63 38 49 38
58 38 54 38
55 38 87 43
70 38 54 38
84 48 56 43
53 43 53 43
124 43 56 43
79 43 94 43
74 38 71 48
51 40 55 40
49 45 51 43
176 40 61 46
48 38 52 43
82 42 49 39
53 38 53 38
58 47 50 45
71 45 81 45
46 38 42 38
53 38 65 42
47 40 47 40
39 38 49 40
39 38 49 39
59 43 54 40
59 38 64 38
43 40 43 38
55 43 55 43
46 38 46 39
43 38 45 43
57 40 41 40
56 38 51 38
54 43 54 43
58 45 77 38
54 38 50 38
48 38 41 38
63 38 53 48
50 43 55 43
59 40 65 40
58 47 59 48
74 42 83 43
73 45 53 46
57 47 59 38
53 43 53 44
65 49 40 40
48 44 39 38
49 38 52 38
55 38 55 38
53 38 44 43
51 38 58 43
45 43 47 45
58 43 51 44
65 45 54 39
52 43 49 48
67 38 44 38
52 38 52 38
69 43 59 43
317 51 130 38
114 44 51 38
53 43 51 43
95 59 86 43
69 38 50 40
73 39 53 46
75 38 42 40
54 38 46 39
58 38 60 44
61 40 61 40
53 40 53 40
54 40 50 40
44 38 44 38
154 38 53 38
45 38 46 38
65 38 65 40
65 40 57 38
54 38 101 43
58 38 71 38
53 38 42 38
50 38 55 48
58 40 71 40
54 38 95 44
68 38 49 44
50 38 65 43
72 38 53 38
58 45 54 40
42 38 40 38
42 38 43 38
174 43 55 38
233 50 52 40
54 38 56 43
78 38 78 39
50 43 67 47
70 38 59 38
68 40 61 45
64 38 70 40
51 38 48 38
60 38 60 38
67 40 60 38
59 43 61 45
45 38 58 38
55 40 49 40
53 38 53 38
58 38 58 38
60 38 51 40
59 43 45 43
77 38 47 38
64 38 72 40
74 40 52 38
50 38 46 38
48 38 72 40
72 38 54 46
79 43 59 38
61 38 61 39
48 40 63 47
60 43 71 38
61 38 54 38
44 40 44 40
43 39 48 39
48 40 48 40
58 43 58 38
74 43 73 38
69 39 81 48
43 38 44 40
53 43 59 43
51 43 46 43
113 47 113 47
58 43 53 43
61 43 55 44
89 38 50 38
44 38 46 40
54 38 50 38
45 40 54 38
84 52 50 38
48 38 65 38
50 40 50 38
102 38 50 40
50 38 47 43
211 59 49 39
61 38 70 40
50 38 50 38
97 39 49 38
78 43 45 40
50 38 80 48
50 40 50 40
52 40 50 40
56 38 56 39
87 38 63 40
122 57 78 42
63 43 56 38
54 38 43 39
55 38 52 38
40 38 40 38
48 38 45 42
85 43 88 38
60 38 44 38
59 38 54 39
42 38 57 40
51 38 45 38
53 38 63 38
77 47 57 38
67 38 76 40
62 38 62 39
82 38 58 43
78 48 59 43
55 38 50 38
48 43 53 38
95 45 70 38
90 45 81 40
55 40 60 40
73 38 73 38
66 40 45 40
40 38 45 40
137 46 137 46
77 38 77 39
49 40 51 38
61 45 62 45
71 40 50 44
47 38 56 38
51 40 54 38
77 43 88 40
67 47 58 38
112 40 48 45
59 45 53 38
53 38 78 49
43 38 47 38
69 39 63 40
46 38 47 38
56 38 53 40
60 41 52 39
73 40 53 43
84 59 72 43
94 43 46 43
94 38 53 38
60 43 45 43
51 38 48 45
65 50 51 40
64 38 63 38
46 38 59 53
60 38 60 38
54 39 54 38
68 38 56 38
58 43 58 44
51 38 58 38
58 38 61 38
46 38 63 38
67 38 76 38
55 38 49 43
67 43 66 40
43 38 43 39
65 48 49 40
62 38 51 51
152 40 55 38
65 40 81 50
47 38 61 38
68 38 104 40
98 40 71 40
52 40 52 40
104 38 60 43
51 38 108 56
66 38 59 40
52 40 44 38
47 43 67 40
69 40 58 40
59 40 57 45
45 38 47 38
44 40 68 44
48 43 47 40
69 43 69 44
88 40 53 38
48 38 48 38
99 49 74 45
42 38 42 38
44 38 63 40
79 43 52 40
60 38 59 39
58 38 49 40
45 39 40 39
61 38 75 43
51 38 64 46
87 40 51 38
46 38 72 40
154 45 72 40
56 45 46 40
50 38 60 46
77 40 65 38
89 38 91 40
82 38 74 40
46 38 43 38
155 45 99 53
49 38 48 40
58 38 55 38
62 38 58 43
56 38 46 38
92 47 86 40
93 40 55 40
44 38 53 42
80 45 99 49
56 43 56 44
66 43 88 56
59 38 47 39
56 38 54 38
70 48 54 45
52 43 46 40
40 38 58 45
48 38 48 39
45 38 40 38
91 51 104 46
71 40 81 56
61 38 61 38
58 38 40 38
84 43 57 38
97 47 61 39
57 38 84 49
61 43 61 43
50 43 71 48
48 38 48 39
51 38 53 40
65 43 90 51
166 42 78 40
56 43 56 38
104 40 104 40
50 38 50 39
51 38 53 43
51 38 51 38
67 43 77 45
79 47 52 40
158 45 154 43
52 45 38 38
53 40 53 40
162 42 98 43
65 38 65 38
45 38 61 38
46 38 46 39
47 38 47 38
51 38 44 40
123 38 66 46
44 38 45 40
48 38 43 38
65 49 46 43
42 38 51 45
56 38 54 43
45 38 43 39
42 38 49 42
45 38 40 38
52 38 50 40
47 38 47 38
75 45 58 38
81 45 76 44
48 43 50 42
59 38 47 38
62 40 52 38
55 43 53 39
119 62 67 40
92 43 48 47
160 51 79 43
48 43 55 40
52 38 52 42
57 38 55 44
67 38 71 55
49 43 49 40
97 43 87 45
316 55 131 52
95 38 94 40
71 40 61 40
57 40 44 39
57 38 55 38
117 40 111 47
44 38 57 40
92 40 87 44
59 43 59 43
48 45 48 45
55 39 55 38
75 43 84 43
62 48 62 45
69 40 72 56
67 47 53 38
123 49 123 48
55 38 60 38
59 38 79 48
57 38 57 39
88 56 70 40
65 49 65 38
63 38 67 42
53 39 60 47
48 38 57 48
66 38 66 40
70 47 56 44
50 38 59 45
48 40 48 38
54 40 54 40
48 43 69 43
61 38 62 40
47 43 49 44
60 38 60 38
77 47 69 38
72 45 72 48
88 38 71 43
76 40 47 40
49 43 54 43
45 38 51 38
71 40 71 40
49 43 49 43
45 38 66 38
43 39 41 38
105 61 83 44
95 43 64 45
77 38 77 38
68 40 49 43
59 38 48 43
59 38 48 38
72 43 72 43
48 38 55 45
90 38 78 38
45 43 55 45
69 40 54 43
50 39 50 39
56 38 56 38
60 38 72 43
49 38 45 38
90 40 47 38
51 43 51 40
82 43 81 43
46 43 53 43
69 39 71 38
176 50 49 43
56 38 56 40
78 45 78 45
59 43 60 40
42 38 42 38
273 51 42 38
61 38 57 38
109 51 83 42
90 40 61 45
70 40 42 38
165 45 119 43
60 38 50 43
50 46 40 38
44 40 46 40
96 43 68 43
60 40 57 46
60 48 72 48
47 38 53 38
63 52 49 47
56 43 52 43
62 40 62 39
92 38 80 44
82 38 84 52

count: 4989
205548 294568
205939 350300
3762 11450